0	1	0	1	2.764787514439401
1	0	0	1	-2.764787514439401
0	1	1	0	-2.764787514439401
1	0	1	0	2.764787514439401
0	1	0	2	1.8431916762929341
1	0	0	2	-1.8431916762929341
0	1	2	0	-1.8431916762929341
1	0	2	0	1.8431916762929341
0	1	0	3	1.1287197762657186
1	0	0	3	-1.1287197762657186
0	1	3	0	-1.1287197762657186
1	0	3	0	1.1287197762657186
0	1	0	4	0.6033260983517794
1	0	0	4	-0.6033260983517794
0	1	4	0	-0.6033260983517794
1	0	4	0	0.6033260983517794
0	1	0	5	0.24630684824434643
1	0	0	5	-0.24630684824434643
0	1	5	0	-0.24630684824434643
1	0	5	0	0.24630684824434643
0	1	0	6	2.3628455415926557
1	0	0	6	-2.3628455415926557
0	1	6	0	-2.3628455415926557
1	0	6	0	2.3628455415926557
0	1	0	7	1.1561628015688532
1	0	0	7	-1.1561628015688532
0	1	7	0	-1.1561628015688532
1	0	7	0	1.1561628015688532
0	1	1	2	2.5238941472785
1	0	1	2	-2.5238941472785
0	1	2	1	-2.5238941472785
1	0	2	1	2.5238941472785
0	1	1	3	1.9078846426143825
1	0	1	3	-1.9078846426143825
0	1	3	1	-1.9078846426143825
1	0	3	1	1.9078846426143825
0	1	1	4	1.2315342412217323
1	0	1	4	-1.2315342412217323
0	1	4	1	-1.2315342412217323
1	0	4	1	1.2315342412217323
0	1	1	5	14.479826360442704
1	0	1	5	-14.479826360442704
0	1	5	1	-14.479826360442704
1	0	5	1	14.479826360442704
0	1	1	6	2.5118340135662813
1	0	1	6	-2.5118340135662813
0	1	6	1	-2.5118340135662813
1	0	6	1	2.5118340135662813
0	1	1	7	1.4965635272518585
1	0	1	7	-1.4965635272518585
0	1	7	1	-1.4965635272518585
1	0	7	1	1.4965635272518585
0	1	2	3	4.926136964886929
1	0	2	3	-4.926136964886929
0	1	3	2	-4.926136964886929
1	0	3	2	4.926136964886929
0	1	2	4	11.447307855686295
1	0	2	4	-11.447307855686295
0	1	4	2	-11.447307855686295
1	0	4	2	11.447307855686295
0	1	2	5	6.772318657594311
1	0	2	5	-6.772318657594311
0	1	5	2	-6.772318657594311
1	0	5	2	6.772318657594311
0	1	2	6	4.2399163868818475
1	0	2	6	-4.2399163868818475
0	1	6	2	-4.2399163868818475
1	0	6	2	4.2399163868818475
0	1	2	7	3.1217824406063084
1	0	2	7	-3.1217824406063084
0	1	7	2	-3.1217824406063084
1	0	7	2	3.1217824406063084
0	1	3	4	5.047788294557
1	0	3	4	-5.047788294557
0	1	4	3	-5.047788294557
1	0	4	3	5.047788294557
0	1	3	5	3.6863833525858682
1	0	3	5	-3.6863833525858682
0	1	5	3	-3.6863833525858682
1	0	5	3	3.6863833525858682
0	1	3	6	12.172153847860018
1	0	3	6	-12.172153847860018
0	1	6	3	-12.172153847860018
1	0	6	3	12.172153847860018
0	1	3	7	3.8835042589699422
1	0	3	7	-3.8835042589699422
0	1	7	3	-3.8835042589699422
1	0	7	3	3.8835042589699422
0	1	4	5	2.764787514439401
1	0	4	5	-2.764787514439401
0	1	5	4	-2.764787514439401
1	0	5	4	2.764787514439401
0	1	4	6	1.8362302415194087
1	0	4	6	-1.8362302415194087
0	1	6	4	-1.8362302415194087
1	0	6	4	1.8362302415194087
0	1	4	7	2.533534960792827
1	0	4	7	-2.533534960792827
0	1	7	4	-2.533534960792827
1	0	7	4	2.533534960792827
0	1	5	6	1.1474924567301603
1	0	5	6	-1.1474924567301603
0	1	6	5	-1.1474924567301603
1	0	6	5	1.1474924567301603
0	1	5	7	3.035948365066468
1	0	5	7	-3.035948365066468
0	1	7	5	-3.035948365066468
1	0	7	5	3.035948365066468
0	1	6	7	2.187816828382857
1	0	6	7	-2.187816828382857
0	1	7	6	-2.187816828382857
1	0	7	6	2.187816828382857
0	2	0	1	2.764787514439401
2	0	0	1	-2.764787514439401
0	2	1	0	-2.764787514439401
2	0	1	0	2.764787514439401
0	2	0	2	1.8431916762929341
2	0	0	2	-1.8431916762929341
0	2	2	0	-1.8431916762929341
2	0	2	0	1.8431916762929341
0	2	0	3	1.1287197762657186
2	0	0	3	-1.1287197762657186
0	2	3	0	-1.1287197762657186
2	0	3	0	1.1287197762657186
0	2	0	4	0.6033260983517794
2	0	0	4	-0.6033260983517794
0	2	4	0	-0.6033260983517794
2	0	4	0	0.6033260983517794
0	2	0	5	0.24630684824434643
2	0	0	5	-0.24630684824434643
0	2	5	0	-0.24630684824434643
2	0	5	0	0.24630684824434643
0	2	0	6	2.6507366412833897
2	0	0	6	-2.6507366412833897
0	2	6	0	-2.6507366412833897
2	0	6	0	2.6507366412833897
0	2	0	7	0.9431607892182023
2	0	0	7	-0.9431607892182023
0	2	7	0	-0.9431607892182023
2	0	7	0	0.9431607892182023
0	2	1	2	2.5238941472785
2	0	1	2	-2.5238941472785
0	2	2	1	-2.5238941472785
2	0	2	1	2.5238941472785
0	2	1	3	1.9078846426143825
2	0	1	3	-1.9078846426143825
0	2	3	1	-1.9078846426143825
2	0	3	1	1.9078846426143825
0	2	1	4	1.2315342412217323
2	0	1	4	-1.2315342412217323
0	2	4	1	-1.2315342412217323
2	0	4	1	1.2315342412217323
0	2	1	5	14.479826360442704
2	0	1	5	-14.479826360442704
0	2	5	1	-14.479826360442704
2	0	5	1	14.479826360442704
0	2	1	6	2.6984251879545416
2	0	1	6	-2.6984251879545416
0	2	6	1	-2.6984251879545416
2	0	6	1	2.6984251879545416
0	2	1	7	1.4605383989075835
2	0	1	7	-1.4605383989075835
0	2	7	1	-1.4605383989075835
2	0	7	1	1.4605383989075835
0	2	2	3	4.926136964886929
2	0	2	3	-4.926136964886929
0	2	3	2	-4.926136964886929
2	0	3	2	4.926136964886929
0	2	2	4	11.447307855686295
2	0	2	4	-11.447307855686295
0	2	4	2	-11.447307855686295
2	0	4	2	11.447307855686295
0	2	2	5	6.772318657594311
2	0	2	5	-6.772318657594311
0	2	5	2	-6.772318657594311
2	0	5	2	6.772318657594311
0	2	2	6	5.203914149022832
2	0	2	6	-5.203914149022832
0	2	6	2	-5.203914149022832
2	0	6	2	5.203914149022832
0	2	2	7	4.216470711202078
2	0	2	7	-4.216470711202078
0	2	7	2	-4.216470711202078
2	0	7	2	4.216470711202078
0	2	3	4	5.047788294557
2	0	3	4	-5.047788294557
0	2	4	3	-5.047788294557
2	0	4	3	5.047788294557
0	2	3	5	3.6863833525858682
2	0	3	5	-3.6863833525858682
0	2	5	3	-3.6863833525858682
2	0	5	3	3.6863833525858682
0	2	3	6	12.62381334096237
2	0	3	6	-12.62381334096237
0	2	6	3	-12.62381334096237
2	0	6	3	12.62381334096237
0	2	3	7	5.300079260743661
2	0	3	7	-5.300079260743661
0	2	7	3	-5.300079260743661
2	0	7	3	5.300079260743661
0	2	4	5	2.764787514439401
2	0	4	5	-2.764787514439401
0	2	5	4	-2.764787514439401
2	0	5	4	2.764787514439401
0	2	4	6	1.908088083016452
2	0	4	6	-1.908088083016452
0	2	6	4	-1.908088083016452
2	0	6	4	1.908088083016452
0	2	4	7	2.6846745190602523
2	0	4	7	-2.6846745190602523
0	2	7	4	-2.6846745190602523
2	0	7	4	2.6846745190602523
0	2	5	6	0.9818906010621735
2	0	5	6	-0.9818906010621735
0	2	6	5	-0.9818906010621735
2	0	6	5	0.9818906010621735
0	2	5	7	2.5617839329106245
2	0	5	7	-2.5617839329106245
0	2	7	5	-2.5617839329106245
2	0	7	5	2.5617839329106245
0	2	6	7	1.8448583370485547
2	0	6	7	-1.8448583370485547
0	2	7	6	-1.8448583370485547
2	0	7	6	1.8448583370485547
0	3	0	1	2.764787514439401
3	0	0	1	-2.764787514439401
0	3	1	0	-2.764787514439401
3	0	1	0	2.764787514439401
0	3	0	2	1.8431916762929341
3	0	0	2	-1.8431916762929341
0	3	2	0	-1.8431916762929341
3	0	2	0	1.8431916762929341
0	3	0	3	1.1287197762657186
3	0	0	3	-1.1287197762657186
0	3	3	0	-1.1287197762657186
3	0	3	0	1.1287197762657186
0	3	0	4	0.6033260983517794
3	0	0	4	-0.6033260983517794
0	3	4	0	-0.6033260983517794
3	0	4	0	0.6033260983517794
0	3	0	5	0.24630684824434643
3	0	0	5	-0.24630684824434643
0	3	5	0	-0.24630684824434643
3	0	5	0	0.24630684824434643
0	3	0	6	2.848007261982973
3	0	0	6	-2.848007261982973
0	3	6	0	-2.848007261982973
3	0	6	0	2.848007261982973
0	3	0	7	1.186776025246614
3	0	0	7	-1.186776025246614
0	3	7	0	-1.186776025246614
3	0	7	0	1.186776025246614
0	3	1	2	2.5238941472785
3	0	1	2	-2.5238941472785
0	3	2	1	-2.5238941472785
3	0	2	1	2.5238941472785
0	3	1	3	1.9078846426143825
3	0	1	3	-1.9078846426143825
0	3	3	1	-1.9078846426143825
3	0	3	1	1.9078846426143825
0	3	1	4	1.2315342412217323
3	0	1	4	-1.2315342412217323
0	3	4	1	-1.2315342412217323
3	0	4	1	1.2315342412217323
0	3	1	5	14.479826360442704
3	0	1	5	-14.479826360442704
0	3	5	1	-14.479826360442704
3	0	5	1	14.479826360442704
0	3	1	6	2.394476010037355
3	0	1	6	-2.394476010037355
0	3	6	1	-2.394476010037355
3	0	6	1	2.394476010037355
0	3	1	7	1.8057046402705073
3	0	1	7	-1.8057046402705073
0	3	7	1	-1.8057046402705073
3	0	7	1	1.8057046402705073
0	3	2	3	4.926136964886929
3	0	2	3	-4.926136964886929
0	3	3	2	-4.926136964886929
3	0	3	2	4.926136964886929
0	3	2	4	11.447307855686295
3	0	2	4	-11.447307855686295
0	3	4	2	-11.447307855686295
3	0	4	2	11.447307855686295
0	3	2	5	6.772318657594311
3	0	2	5	-6.772318657594311
0	3	5	2	-6.772318657594311
3	0	5	2	6.772318657594311
0	3	2	6	4.25111500640509
3	0	2	6	-4.25111500640509
0	3	6	2	-4.25111500640509
3	0	6	2	4.25111500640509
0	3	2	7	3.8218291265733675
3	0	2	7	-3.8218291265733675
0	3	7	2	-3.8218291265733675
3	0	7	2	3.8218291265733675
0	3	3	4	5.047788294557
3	0	3	4	-5.047788294557
0	3	4	3	-5.047788294557
3	0	4	3	5.047788294557
0	3	3	5	3.6863833525858682
3	0	3	5	-3.6863833525858682
0	3	5	3	-3.6863833525858682
3	0	5	3	3.6863833525858682
0	3	3	6	12.505943465530281
3	0	3	6	-12.505943465530281
0	3	6	3	-12.505943465530281
3	0	6	3	12.505943465530281
0	3	3	7	3.3849894562181695
3	0	3	7	-3.3849894562181695
0	3	7	3	-3.3849894562181695
3	0	7	3	3.3849894562181695
0	3	4	5	2.764787514439401
3	0	4	5	-2.764787514439401
0	3	5	4	-2.764787514439401
3	0	5	4	2.764787514439401
0	3	4	6	1.5640961406322196
3	0	4	6	-1.5640961406322196
0	3	6	4	-1.5640961406322196
3	0	6	4	1.5640961406322196
0	3	4	7	2.379663396555763
3	0	4	7	-2.379663396555763
0	3	7	4	-2.379663396555763
3	0	7	4	2.379663396555763
0	3	5	6	1.0764743283573015
3	0	5	6	-1.0764743283573015
0	3	6	5	-1.0764743283573015
3	0	6	5	1.0764743283573015
0	3	5	7	3.2148249717487003
3	0	5	7	-3.2148249717487003
0	3	7	5	-3.2148249717487003
3	0	7	5	3.2148249717487003
0	3	6	7	1.783532249969083
3	0	6	7	-1.783532249969083
0	3	7	6	-1.783532249969083
3	0	7	6	1.783532249969083
0	4	0	1	2.764787514439401
4	0	0	1	-2.764787514439401
0	4	1	0	-2.764787514439401
4	0	1	0	2.764787514439401
0	4	0	2	1.8431916762929341
4	0	0	2	-1.8431916762929341
0	4	2	0	-1.8431916762929341
4	0	2	0	1.8431916762929341
0	4	0	3	1.1287197762657186
4	0	0	3	-1.1287197762657186
0	4	3	0	-1.1287197762657186
4	0	3	0	1.1287197762657186
0	4	0	4	0.6033260983517794
4	0	0	4	-0.6033260983517794
0	4	4	0	-0.6033260983517794
4	0	4	0	0.6033260983517794
0	4	0	5	0.24630684824434643
4	0	0	5	-0.24630684824434643
0	4	5	0	-0.24630684824434643
4	0	5	0	0.24630684824434643
0	4	0	6	3.008903279907156
4	0	0	6	-3.008903279907156
0	4	6	0	-3.008903279907156
4	0	6	0	3.008903279907156
0	4	0	7	1.1586699732453507
4	0	0	7	-1.1586699732453507
0	4	7	0	-1.1586699732453507
4	0	7	0	1.1586699732453507
0	4	1	2	2.5238941472785
4	0	1	2	-2.5238941472785
0	4	2	1	-2.5238941472785
4	0	2	1	2.5238941472785
0	4	1	3	1.9078846426143825
4	0	1	3	-1.9078846426143825
0	4	3	1	-1.9078846426143825
4	0	3	1	1.9078846426143825
0	4	1	4	1.2315342412217323
4	0	1	4	-1.2315342412217323
0	4	4	1	-1.2315342412217323
4	0	4	1	1.2315342412217323
0	4	1	5	14.479826360442704
4	0	1	5	-14.479826360442704
0	4	5	1	-14.479826360442704
4	0	5	1	14.479826360442704
0	4	1	6	2.609049171522246
4	0	1	6	-2.609049171522246
0	4	6	1	-2.609049171522246
4	0	6	1	2.609049171522246
0	4	1	7	1.8224833848520934
4	0	1	7	-1.8224833848520934
0	4	7	1	-1.8224833848520934
4	0	7	1	1.8224833848520934
0	4	2	3	4.926136964886929
4	0	2	3	-4.926136964886929
0	4	3	2	-4.926136964886929
4	0	3	2	4.926136964886929
0	4	2	4	11.447307855686295
4	0	2	4	-11.447307855686295
0	4	4	2	-11.447307855686295
4	0	4	2	11.447307855686295
0	4	2	5	6.772318657594311
4	0	2	5	-6.772318657594311
0	4	5	2	-6.772318657594311
4	0	5	2	6.772318657594311
0	4	2	6	4.2486197779820385
4	0	2	6	-4.2486197779820385
0	4	6	2	-4.2486197779820385
4	0	6	2	4.2486197779820385
0	4	2	7	3.7994050613555994
4	0	2	7	-3.7994050613555994
0	4	7	2	-3.7994050613555994
4	0	7	2	3.7994050613555994
0	4	3	4	5.047788294557
4	0	3	4	-5.047788294557
0	4	4	3	-5.047788294557
4	0	4	3	5.047788294557
0	4	3	5	3.6863833525858682
4	0	3	5	-3.6863833525858682
0	4	5	3	-3.6863833525858682
4	0	5	3	3.6863833525858682
0	4	3	6	10.1140245190286
4	0	3	6	-10.1140245190286
0	4	6	3	-10.1140245190286
4	0	6	3	10.1140245190286
0	4	3	7	4.82192505299217
4	0	3	7	-4.82192505299217
0	4	7	3	-4.82192505299217
4	0	7	3	4.82192505299217
0	4	4	5	2.764787514439401
4	0	4	5	-2.764787514439401
0	4	5	4	-2.764787514439401
4	0	5	4	2.764787514439401
0	4	4	6	1.5266388449513515
4	0	4	6	-1.5266388449513515
0	4	6	4	-1.5266388449513515
4	0	6	4	1.5266388449513515
0	4	4	7	2.531444081000441
4	0	4	7	-2.531444081000441
0	4	7	4	-2.531444081000441
4	0	7	4	2.531444081000441
0	4	5	6	0.9273606717430367
4	0	5	6	-0.9273606717430367
0	4	6	5	-0.9273606717430367
4	0	6	5	0.9273606717430367
0	4	5	7	3.312618746589547
4	0	5	7	-3.312618746589547
0	4	7	5	-3.312618746589547
4	0	7	5	3.312618746589547
0	4	6	7	1.763103796834696
4	0	6	7	-1.763103796834696
0	4	7	6	-1.763103796834696
4	0	7	6	1.763103796834696
0	5	0	1	2.764787514439401
5	0	0	1	-2.764787514439401
0	5	1	0	-2.764787514439401
5	0	1	0	2.764787514439401
0	5	0	2	1.8431916762929341
5	0	0	2	-1.8431916762929341
0	5	2	0	-1.8431916762929341
5	0	2	0	1.8431916762929341
0	5	0	3	1.1287197762657186
5	0	0	3	-1.1287197762657186
0	5	3	0	-1.1287197762657186
5	0	3	0	1.1287197762657186
0	5	0	4	0.6033260983517794
5	0	0	4	-0.6033260983517794
0	5	4	0	-0.6033260983517794
5	0	4	0	0.6033260983517794
0	5	0	5	0.24630684824434643
5	0	0	5	-0.24630684824434643
0	5	5	0	-0.24630684824434643
5	0	5	0	0.24630684824434643
0	5	0	6	2.4732302501334336
5	0	0	6	-2.4732302501334336
0	5	6	0	-2.4732302501334336
5	0	6	0	2.4732302501334336
0	5	0	7	1.1423235237095026
5	0	0	7	-1.1423235237095026
0	5	7	0	-1.1423235237095026
5	0	7	0	1.1423235237095026
0	5	1	2	2.5238941472785
5	0	1	2	-2.5238941472785
0	5	2	1	-2.5238941472785
5	0	2	1	2.5238941472785
0	5	1	3	1.9078846426143825
5	0	1	3	-1.9078846426143825
0	5	3	1	-1.9078846426143825
5	0	3	1	1.9078846426143825
0	5	1	4	1.2315342412217323
5	0	1	4	-1.2315342412217323
0	5	4	1	-1.2315342412217323
5	0	4	1	1.2315342412217323
0	5	1	5	14.479826360442704
5	0	1	5	-14.479826360442704
0	5	5	1	-14.479826360442704
5	0	5	1	14.479826360442704
0	5	1	6	2.455639829774151
5	0	1	6	-2.455639829774151
0	5	6	1	-2.455639829774151
5	0	6	1	2.455639829774151
0	5	1	7	1.2771702601665447
5	0	1	7	-1.2771702601665447
0	5	7	1	-1.2771702601665447
5	0	7	1	1.2771702601665447
0	5	2	3	4.926136964886929
5	0	2	3	-4.926136964886929
0	5	3	2	-4.926136964886929
5	0	3	2	4.926136964886929
0	5	2	4	11.447307855686295
5	0	2	4	-11.447307855686295
0	5	4	2	-11.447307855686295
5	0	4	2	11.447307855686295
0	5	2	5	6.772318657594311
5	0	2	5	-6.772318657594311
0	5	5	2	-6.772318657594311
5	0	5	2	6.772318657594311
0	5	2	6	4.482823766689516
5	0	2	6	-4.482823766689516
0	5	6	2	-4.482823766689516
5	0	6	2	4.482823766689516
0	5	2	7	3.12940069549482
5	0	2	7	-3.12940069549482
0	5	7	2	-3.12940069549482
5	0	7	2	3.12940069549482
0	5	3	4	5.047788294557
5	0	3	4	-5.047788294557
0	5	4	3	-5.047788294557
5	0	4	3	5.047788294557
0	5	3	5	3.6863833525858682
5	0	3	5	-3.6863833525858682
0	5	5	3	-3.6863833525858682
5	0	5	3	3.6863833525858682
0	5	3	6	10.053874110528643
5	0	3	6	-10.053874110528643
0	5	6	3	-10.053874110528643
5	0	6	3	10.053874110528643
0	5	3	7	3.821636769249546
5	0	3	7	-3.821636769249546
0	5	7	3	-3.821636769249546
5	0	7	3	3.821636769249546
0	5	4	5	2.764787514439401
5	0	4	5	-2.764787514439401
0	5	5	4	-2.764787514439401
5	0	5	4	2.764787514439401
0	5	4	6	1.841521792207359
5	0	4	6	-1.841521792207359
0	5	6	4	-1.841521792207359
5	0	6	4	1.841521792207359
0	5	4	7	2.542876530641352
5	0	4	7	-2.542876530641352
0	5	7	4	-2.542876530641352
5	0	7	4	2.542876530641352
0	5	5	6	1.0067630893768191
5	0	5	6	-1.0067630893768191
0	5	6	5	-1.0067630893768191
5	0	6	5	1.0067630893768191
0	5	5	7	2.7863595265930186
5	0	5	7	-2.7863595265930186
0	5	7	5	-2.7863595265930186
5	0	7	5	2.7863595265930186
0	5	6	7	1.6876362999553796
5	0	6	7	-1.6876362999553796
0	5	7	6	-1.6876362999553796
5	0	7	6	1.6876362999553796
0	6	0	1	1.6355358979549726
6	0	0	1	-1.6355358979549726
0	6	1	0	-1.6355358979549726
6	0	1	0	1.6355358979549726
0	6	0	2	1.1523732169392338
6	0	0	2	-1.1523732169392338
0	6	2	0	-1.1523732169392338
6	0	2	0	1.1523732169392338
0	6	0	3	0.8603481911824196
6	0	0	3	-0.8603481911824196
0	6	3	0	-0.8603481911824196
6	0	3	0	0.8603481911824196
0	6	0	4	0.3200041265652797
6	0	0	4	-0.3200041265652797
0	6	4	0	-0.3200041265652797
6	0	4	0	0.3200041265652797
0	6	0	5	0.23418973456765452
6	0	0	5	-0.23418973456765452
0	6	5	0	-0.23418973456765452
6	0	5	0	0.23418973456765452
0	6	0	6	2.294651737229399
6	0	0	6	-2.294651737229399
0	6	6	0	-2.294651737229399
6	0	6	0	2.294651737229399
0	6	0	7	0.918959136360551
6	0	0	7	-0.918959136360551
0	6	7	0	-0.918959136360551
6	0	7	0	0.918959136360551
0	6	1	2	1.6919326289325836
6	0	1	2	-1.6919326289325836
0	6	2	1	-1.6919326289325836
6	0	2	1	1.6919326289325836
0	6	1	3	1.218241344553529
6	0	1	3	-1.218241344553529
0	6	3	1	-1.218241344553529
6	0	3	1	1.218241344553529
0	6	1	4	0.893090918078413
6	0	1	4	-0.893090918078413
0	6	4	1	-0.893090918078413
6	0	4	1	0.893090918078413
0	6	1	5	9.221559902503582
6	0	1	5	-9.221559902503582
0	6	5	1	-9.221559902503582
6	0	5	1	9.221559902503582
0	6	1	6	2.6456124831501704
6	0	1	6	-2.6456124831501704
0	6	6	1	-2.6456124831501704
6	0	6	1	2.6456124831501704
0	6	1	7	1.5264683254815188
6	0	1	7	-1.5264683254815188
0	6	7	1	-1.5264683254815188
6	0	7	1	1.5264683254815188
0	6	2	3	4.155852212684682
6	0	2	3	-4.155852212684682
0	6	3	2	-4.155852212684682
6	0	3	2	4.155852212684682
0	6	2	4	9.237132904006955
6	0	2	4	-9.237132904006955
0	6	4	2	-9.237132904006955
6	0	4	2	9.237132904006955
0	6	2	5	4.387576653703331
6	0	2	5	-4.387576653703331
0	6	5	2	-4.387576653703331
6	0	5	2	4.387576653703331
0	6	2	6	3.945056298364517
6	0	2	6	-3.945056298364517
0	6	6	2	-3.945056298364517
6	0	6	2	3.945056298364517
0	6	2	7	3.855520446928153
6	0	2	7	-3.855520446928153
0	6	7	2	-3.855520446928153
6	0	7	2	3.855520446928153
0	6	3	4	3.4389919423477844
6	0	3	4	-3.4389919423477844
0	6	4	3	-3.4389919423477844
6	0	4	3	3.4389919423477844
0	6	3	5	2.3937513668203874
6	0	3	5	-2.3937513668203874
0	6	5	3	-2.3937513668203874
6	0	5	3	2.3937513668203874
0	6	3	6	12.632935446259614
6	0	3	6	-12.632935446259614
0	6	6	3	-12.632935446259614
6	0	6	3	12.632935446259614
0	6	3	7	5.133373061206596
6	0	3	7	-5.133373061206596
0	6	7	3	-5.133373061206596
6	0	7	3	5.133373061206596
0	6	4	5	2.0817789861858826
6	0	4	5	-2.0817789861858826
0	6	5	4	-2.0817789861858826
6	0	5	4	2.0817789861858826
0	6	4	6	1.7144510178365795
6	0	4	6	-1.7144510178365795
0	6	6	4	-1.7144510178365795
6	0	6	4	1.7144510178365795
0	6	4	7	3.0224205869814806
6	0	4	7	-3.0224205869814806
0	6	7	4	-3.0224205869814806
6	0	7	4	3.0224205869814806
0	6	5	6	0.726328579388561
6	0	5	6	-0.726328579388561
0	6	6	5	-0.726328579388561
6	0	6	5	0.726328579388561
0	6	5	7	2.4637153053698344
6	0	5	7	-2.4637153053698344
0	6	7	5	-2.4637153053698344
6	0	7	5	2.4637153053698344
0	6	6	7	1.7926020897237676
6	0	6	7	-1.7926020897237676
0	6	7	6	-1.7926020897237676
6	0	7	6	1.7926020897237676
0	7	0	1	2.154703647173103
7	0	0	1	-2.154703647173103
0	7	1	0	-2.154703647173103
7	0	1	0	2.154703647173103
0	7	0	2	1.1225691693861044
7	0	0	2	-1.1225691693861044
0	7	2	0	-1.1225691693861044
7	0	2	0	1.1225691693861044
0	7	0	3	0.6546389085314624
7	0	0	3	-0.6546389085314624
0	7	3	0	-0.6546389085314624
7	0	3	0	0.6546389085314624
0	7	0	4	0.5405408006777105
7	0	0	4	-0.5405408006777105
0	7	4	0	-0.5405408006777105
7	0	4	0	0.5405408006777105
0	7	0	5	0.13734422112816186
7	0	0	5	-0.13734422112816186
0	7	5	0	-0.13734422112816186
7	0	5	0	0.13734422112816186
0	7	0	6	3.0839229899706178
7	0	0	6	-3.0839229899706178
0	7	6	0	-3.0839229899706178
7	0	6	0	3.0839229899706178
0	7	0	7	1.009186833824828
7	0	0	7	-1.009186833824828
0	7	7	0	-1.009186833824828
7	0	7	0	1.009186833824828
0	7	1	2	1.9142037937076979
7	0	1	2	-1.9142037937076979
0	7	2	1	-1.9142037937076979
7	0	2	1	1.9142037937076979
0	7	1	3	0.9214801605996434
7	0	1	3	-0.9214801605996434
0	7	3	1	-0.9214801605996434
7	0	3	1	0.9214801605996434
0	7	1	4	0.8532404554832203
7	0	1	4	-0.8532404554832203
0	7	4	1	-0.8532404554832203
7	0	4	1	0.8532404554832203
0	7	1	5	11.244740757572837
7	0	1	5	-11.244740757572837
0	7	5	1	-11.244740757572837
7	0	5	1	11.244740757572837
0	7	1	6	2.3782084769080862
7	0	1	6	-2.3782084769080862
0	7	6	1	-2.3782084769080862
7	0	6	1	2.3782084769080862
0	7	1	7	1.262499159885671
7	0	1	7	-1.262499159885671
0	7	7	1	-1.262499159885671
7	0	7	1	1.262499159885671
0	7	2	3	2.9735400571398425
7	0	2	3	-2.9735400571398425
0	7	3	2	-2.9735400571398425
7	0	3	2	2.9735400571398425
0	7	2	4	7.109249735205986
7	0	2	4	-7.109249735205986
0	7	4	2	-7.109249735205986
7	0	4	2	7.109249735205986
0	7	2	5	4.49273151455802
7	0	2	5	-4.49273151455802
0	7	5	2	-4.49273151455802
7	0	5	2	4.49273151455802
0	7	2	6	4.105975258357694
7	0	2	6	-4.105975258357694
0	7	6	2	-4.105975258357694
7	0	6	2	4.105975258357694
0	7	2	7	3.6530163491645764
7	0	2	7	-3.6530163491645764
0	7	7	2	-3.6530163491645764
7	0	7	2	3.6530163491645764
0	7	3	4	3.7136352170945646
7	0	3	4	-3.7136352170945646
0	7	4	3	-3.7136352170945646
7	0	4	3	3.7136352170945646
0	7	3	5	2.517027269483367
7	0	3	5	-2.517027269483367
0	7	5	3	-2.517027269483367
7	0	5	3	2.517027269483367
0	7	3	6	12.523192015225693
7	0	3	6	-12.523192015225693
0	7	6	3	-12.523192015225693
7	0	6	3	12.523192015225693
0	7	3	7	4.961452369595195
7	0	3	7	-4.961452369595195
0	7	7	3	-4.961452369595195
7	0	7	3	4.961452369595195
0	7	4	5	1.6276867804225714
7	0	4	5	-1.6276867804225714
0	7	5	4	-1.6276867804225714
7	0	5	4	1.6276867804225714
0	7	4	6	1.620158825725269
7	0	4	6	-1.620158825725269
0	7	6	4	-1.620158825725269
7	0	6	4	1.620158825725269
0	7	4	7	1.9633120741944736
7	0	4	7	-1.9633120741944736
0	7	7	4	-1.9633120741944736
7	0	7	4	1.9633120741944736
0	7	5	6	1.2065136675834287
7	0	5	6	-1.2065136675834287
0	7	6	5	-1.2065136675834287
7	0	6	5	1.2065136675834287
0	7	5	7	2.605413802738092
7	0	5	7	-2.605413802738092
0	7	7	5	-2.605413802738092
7	0	7	5	2.605413802738092
0	7	6	7	1.5122994133093302
7	0	6	7	-1.5122994133093302
0	7	7	6	-1.5122994133093302
7	0	7	6	1.5122994133093302
1	2	0	1	2.764787514439401
2	1	0	1	-2.764787514439401
1	2	1	0	-2.764787514439401
2	1	1	0	2.764787514439401
1	2	0	2	1.8431916762929341
2	1	0	2	-1.8431916762929341
1	2	2	0	-1.8431916762929341
2	1	2	0	1.8431916762929341
1	2	0	3	1.1287197762657186
2	1	0	3	-1.1287197762657186
1	2	3	0	-1.1287197762657186
2	1	3	0	1.1287197762657186
1	2	0	4	0.6033260983517794
2	1	0	4	-0.6033260983517794
1	2	4	0	-0.6033260983517794
2	1	4	0	0.6033260983517794
1	2	0	5	0.24630684824434643
2	1	0	5	-0.24630684824434643
1	2	5	0	-0.24630684824434643
2	1	5	0	0.24630684824434643
1	2	0	6	3.005519358962477
2	1	0	6	-3.005519358962477
1	2	6	0	-3.005519358962477
2	1	6	0	3.005519358962477
1	2	0	7	1.3620253499588035
2	1	0	7	-1.3620253499588035
1	2	7	0	-1.3620253499588035
2	1	7	0	1.3620253499588035
1	2	1	2	2.5238941472785
2	1	1	2	-2.5238941472785
1	2	2	1	-2.5238941472785
2	1	2	1	2.5238941472785
1	2	1	3	1.9078846426143825
2	1	1	3	-1.9078846426143825
1	2	3	1	-1.9078846426143825
2	1	3	1	1.9078846426143825
1	2	1	4	1.2315342412217323
2	1	1	4	-1.2315342412217323
1	2	4	1	-1.2315342412217323
2	1	4	1	1.2315342412217323
1	2	1	5	14.479826360442704
2	1	1	5	-14.479826360442704
1	2	5	1	-14.479826360442704
2	1	5	1	14.479826360442704
1	2	1	6	2.6285788656639206
2	1	1	6	-2.6285788656639206
1	2	6	1	-2.6285788656639206
2	1	6	1	2.6285788656639206
1	2	1	7	1.5612264210775937
2	1	1	7	-1.5612264210775937
1	2	7	1	-1.5612264210775937
2	1	7	1	1.5612264210775937
1	2	2	3	4.926136964886929
2	1	2	3	-4.926136964886929
1	2	3	2	-4.926136964886929
2	1	3	2	4.926136964886929
1	2	2	4	11.447307855686295
2	1	2	4	-11.447307855686295
1	2	4	2	-11.447307855686295
2	1	4	2	11.447307855686295
1	2	2	5	6.772318657594311
2	1	2	5	-6.772318657594311
1	2	5	2	-6.772318657594311
2	1	5	2	6.772318657594311
1	2	2	6	4.295479656081744
2	1	2	6	-4.295479656081744
1	2	6	2	-4.295479656081744
2	1	6	2	4.295479656081744
1	2	2	7	3.9523027980465724
2	1	2	7	-3.9523027980465724
1	2	7	2	-3.9523027980465724
2	1	7	2	3.9523027980465724
1	2	3	4	5.047788294557
2	1	3	4	-5.047788294557
1	2	4	3	-5.047788294557
2	1	4	3	5.047788294557
1	2	3	5	3.6863833525858682
2	1	3	5	-3.6863833525858682
1	2	5	3	-3.6863833525858682
2	1	5	3	3.6863833525858682
1	2	3	6	11.572578522178114
2	1	3	6	-11.572578522178114
1	2	6	3	-11.572578522178114
2	1	6	3	11.572578522178114
1	2	3	7	5.150717495932715
2	1	3	7	-5.150717495932715
1	2	7	3	-5.150717495932715
2	1	7	3	5.150717495932715
1	2	4	5	2.764787514439401
2	1	4	5	-2.764787514439401
1	2	5	4	-2.764787514439401
2	1	5	4	2.764787514439401
1	2	4	6	1.8362339626056046
2	1	4	6	-1.8362339626056046
1	2	6	4	-1.8362339626056046
2	1	6	4	1.8362339626056046
1	2	4	7	2.6439103270098117
2	1	4	7	-2.6439103270098117
1	2	7	4	-2.6439103270098117
2	1	7	4	2.6439103270098117
1	2	5	6	1.0795158995604095
2	1	5	6	-1.0795158995604095
1	2	6	5	-1.0795158995604095
2	1	6	5	1.0795158995604095
1	2	5	7	3.0810515153238667
2	1	5	7	-3.0810515153238667
1	2	7	5	-3.0810515153238667
2	1	7	5	3.0810515153238667
1	2	6	7	2.0605120569571707
2	1	6	7	-2.0605120569571707
1	2	7	6	-2.0605120569571707
2	1	7	6	2.0605120569571707
1	3	0	1	2.764787514439401
3	1	0	1	-2.764787514439401
1	3	1	0	-2.764787514439401
3	1	1	0	2.764787514439401
1	3	0	2	1.8431916762929341
3	1	0	2	-1.8431916762929341
1	3	2	0	-1.8431916762929341
3	1	2	0	1.8431916762929341
1	3	0	3	1.1287197762657186
3	1	0	3	-1.1287197762657186
1	3	3	0	-1.1287197762657186
3	1	3	0	1.1287197762657186
1	3	0	4	0.6033260983517794
3	1	0	4	-0.6033260983517794
1	3	4	0	-0.6033260983517794
3	1	4	0	0.6033260983517794
1	3	0	5	0.24630684824434643
3	1	0	5	-0.24630684824434643
1	3	5	0	-0.24630684824434643
3	1	5	0	0.24630684824434643
1	3	0	6	2.8977679785779937
3	1	0	6	-2.8977679785779937
1	3	6	0	-2.8977679785779937
3	1	6	0	2.8977679785779937
1	3	0	7	1.01954725694645
3	1	0	7	-1.01954725694645
1	3	7	0	-1.01954725694645
3	1	7	0	1.01954725694645
1	3	1	2	2.5238941472785
3	1	1	2	-2.5238941472785
1	3	2	1	-2.5238941472785
3	1	2	1	2.5238941472785
1	3	1	3	1.9078846426143825
3	1	1	3	-1.9078846426143825
1	3	3	1	-1.9078846426143825
3	1	3	1	1.9078846426143825
1	3	1	4	1.2315342412217323
3	1	1	4	-1.2315342412217323
1	3	4	1	-1.2315342412217323
3	1	4	1	1.2315342412217323
1	3	1	5	14.479826360442704
3	1	1	5	-14.479826360442704
1	3	5	1	-14.479826360442704
3	1	5	1	14.479826360442704
1	3	1	6	2.612110414218643
3	1	1	6	-2.612110414218643
1	3	6	1	-2.612110414218643
3	1	6	1	2.612110414218643
1	3	1	7	1.4098211279637491
3	1	1	7	-1.4098211279637491
1	3	7	1	-1.4098211279637491
3	1	7	1	1.4098211279637491
1	3	2	3	4.926136964886929
3	1	2	3	-4.926136964886929
1	3	3	2	-4.926136964886929
3	1	3	2	4.926136964886929
1	3	2	4	11.447307855686295
3	1	2	4	-11.447307855686295
1	3	4	2	-11.447307855686295
3	1	4	2	11.447307855686295
1	3	2	5	6.772318657594311
3	1	2	5	-6.772318657594311
1	3	5	2	-6.772318657594311
3	1	5	2	6.772318657594311
1	3	2	6	4.887549378175979
3	1	2	6	-4.887549378175979
1	3	6	2	-4.887549378175979
3	1	6	2	4.887549378175979
1	3	2	7	3.9905779510629276
3	1	2	7	-3.9905779510629276
1	3	7	2	-3.9905779510629276
3	1	7	2	3.9905779510629276
1	3	3	4	5.047788294557
3	1	3	4	-5.047788294557
1	3	4	3	-5.047788294557
3	1	4	3	5.047788294557
1	3	3	5	3.6863833525858682
3	1	3	5	-3.6863833525858682
1	3	5	3	-3.6863833525858682
3	1	5	3	3.6863833525858682
1	3	3	6	11.681725060056968
3	1	3	6	-11.681725060056968
1	3	6	3	-11.681725060056968
3	1	6	3	11.681725060056968
1	3	3	7	4.584941626080751
3	1	3	7	-4.584941626080751
1	3	7	3	-4.584941626080751
3	1	7	3	4.584941626080751
1	3	4	5	2.764787514439401
3	1	4	5	-2.764787514439401
1	3	5	4	-2.764787514439401
3	1	5	4	2.764787514439401
1	3	4	6	1.7364216040799576
3	1	4	6	-1.7364216040799576
1	3	6	4	-1.7364216040799576
3	1	6	4	1.7364216040799576
1	3	4	7	2.4994377443737066
3	1	4	7	-2.4994377443737066
1	3	7	4	-2.4994377443737066
3	1	7	4	2.4994377443737066
1	3	5	6	1.258867769652014
3	1	5	6	-1.258867769652014
1	3	6	5	-1.258867769652014
3	1	6	5	1.258867769652014
1	3	5	7	3.0164193140272286
3	1	5	7	-3.0164193140272286
1	3	7	5	-3.0164193140272286
3	1	7	5	3.0164193140272286
1	3	6	7	1.3921558287417137
3	1	6	7	-1.3921558287417137
1	3	7	6	-1.3921558287417137
3	1	7	6	1.3921558287417137
1	4	0	1	2.764787514439401
4	1	0	1	-2.764787514439401
1	4	1	0	-2.764787514439401
4	1	1	0	2.764787514439401
1	4	0	2	1.8431916762929341
4	1	0	2	-1.8431916762929341
1	4	2	0	-1.8431916762929341
4	1	2	0	1.8431916762929341
1	4	0	3	1.1287197762657186
4	1	0	3	-1.1287197762657186
1	4	3	0	-1.1287197762657186
4	1	3	0	1.1287197762657186
1	4	0	4	0.6033260983517794
4	1	0	4	-0.6033260983517794
1	4	4	0	-0.6033260983517794
4	1	4	0	0.6033260983517794
1	4	0	5	0.24630684824434643
4	1	0	5	-0.24630684824434643
1	4	5	0	-0.24630684824434643
4	1	5	0	0.24630684824434643
1	4	0	6	3.3156379810659478
4	1	0	6	-3.3156379810659478
1	4	6	0	-3.3156379810659478
4	1	6	0	3.3156379810659478
1	4	0	7	1.071503595742763
4	1	0	7	-1.071503595742763
1	4	7	0	-1.071503595742763
4	1	7	0	1.071503595742763
1	4	1	2	2.5238941472785
4	1	1	2	-2.5238941472785
1	4	2	1	-2.5238941472785
4	1	2	1	2.5238941472785
1	4	1	3	1.9078846426143825
4	1	1	3	-1.9078846426143825
1	4	3	1	-1.9078846426143825
4	1	3	1	1.9078846426143825
1	4	1	4	1.2315342412217323
4	1	1	4	-1.2315342412217323
1	4	4	1	-1.2315342412217323
4	1	4	1	1.2315342412217323
1	4	1	5	14.479826360442704
4	1	1	5	-14.479826360442704
1	4	5	1	-14.479826360442704
4	1	5	1	14.479826360442704
1	4	1	6	2.6024171848296533
4	1	1	6	-2.6024171848296533
1	4	6	1	-2.6024171848296533
4	1	6	1	2.6024171848296533
1	4	1	7	1.508772976899716
4	1	1	7	-1.508772976899716
1	4	7	1	-1.508772976899716
4	1	7	1	1.508772976899716
1	4	2	3	4.926136964886929
4	1	2	3	-4.926136964886929
1	4	3	2	-4.926136964886929
4	1	3	2	4.926136964886929
1	4	2	4	11.447307855686295
4	1	2	4	-11.447307855686295
1	4	4	2	-11.447307855686295
4	1	4	2	11.447307855686295
1	4	2	5	6.772318657594311
4	1	2	5	-6.772318657594311
1	4	5	2	-6.772318657594311
4	1	5	2	6.772318657594311
1	4	2	6	4.213978347234046
4	1	2	6	-4.213978347234046
1	4	6	2	-4.213978347234046
4	1	6	2	4.213978347234046
1	4	2	7	3.103923260953811
4	1	2	7	-3.103923260953811
1	4	7	2	-3.103923260953811
4	1	7	2	3.103923260953811
1	4	3	4	5.047788294557
4	1	3	4	-5.047788294557
1	4	4	3	-5.047788294557
4	1	4	3	5.047788294557
1	4	3	5	3.6863833525858682
4	1	3	5	-3.6863833525858682
1	4	5	3	-3.6863833525858682
4	1	5	3	3.6863833525858682
1	4	3	6	10.925085127865332
4	1	3	6	-10.925085127865332
1	4	6	3	-10.925085127865332
4	1	6	3	10.925085127865332
1	4	3	7	4.633345258626225
4	1	3	7	-4.633345258626225
1	4	7	3	-4.633345258626225
4	1	7	3	4.633345258626225
1	4	4	5	2.764787514439401
4	1	4	5	-2.764787514439401
1	4	5	4	-2.764787514439401
4	1	5	4	2.764787514439401
1	4	4	6	1.35271282233203
4	1	4	6	-1.35271282233203
1	4	6	4	-1.35271282233203
4	1	6	4	1.35271282233203
1	4	4	7	2.5299251517399735
4	1	4	7	-2.5299251517399735
1	4	7	4	-2.5299251517399735
4	1	7	4	2.5299251517399735
1	4	5	6	1.0308596310181208
4	1	5	6	-1.0308596310181208
1	4	6	5	-1.0308596310181208
4	1	6	5	1.0308596310181208
1	4	5	7	3.0311635769436247
4	1	5	7	-3.0311635769436247
1	4	7	5	-3.0311635769436247
4	1	7	5	3.0311635769436247
1	4	6	7	2.048516904456078
4	1	6	7	-2.048516904456078
1	4	7	6	-2.048516904456078
4	1	7	6	2.048516904456078
1	5	0	1	2.764787514439401
5	1	0	1	-2.764787514439401
1	5	1	0	-2.764787514439401
5	1	1	0	2.764787514439401
1	5	0	2	1.8431916762929341
5	1	0	2	-1.8431916762929341
1	5	2	0	-1.8431916762929341
5	1	2	0	1.8431916762929341
1	5	0	3	1.1287197762657186
5	1	0	3	-1.1287197762657186
1	5	3	0	-1.1287197762657186
5	1	3	0	1.1287197762657186
1	5	0	4	0.6033260983517794
5	1	0	4	-0.6033260983517794
1	5	4	0	-0.6033260983517794
5	1	4	0	0.6033260983517794
1	5	0	5	0.24630684824434643
5	1	0	5	-0.24630684824434643
1	5	5	0	-0.24630684824434643
5	1	5	0	0.24630684824434643
1	5	0	6	2.1966893409546584
5	1	0	6	-2.1966893409546584
1	5	6	0	-2.1966893409546584
5	1	6	0	2.1966893409546584
1	5	0	7	1.1808316177573868
5	1	0	7	-1.1808316177573868
1	5	7	0	-1.1808316177573868
5	1	7	0	1.1808316177573868
1	5	1	2	2.5238941472785
5	1	1	2	-2.5238941472785
1	5	2	1	-2.5238941472785
5	1	2	1	2.5238941472785
1	5	1	3	1.9078846426143825
5	1	1	3	-1.9078846426143825
1	5	3	1	-1.9078846426143825
5	1	3	1	1.9078846426143825
1	5	1	4	1.2315342412217323
5	1	1	4	-1.2315342412217323
1	5	4	1	-1.2315342412217323
5	1	4	1	1.2315342412217323
1	5	1	5	14.479826360442704
5	1	1	5	-14.479826360442704
1	5	5	1	-14.479826360442704
5	1	5	1	14.479826360442704
1	5	1	6	2.4144098472422777
5	1	1	6	-2.4144098472422777
1	5	6	1	-2.4144098472422777
5	1	6	1	2.4144098472422777
1	5	1	7	1.7483573307806797
5	1	1	7	-1.7483573307806797
1	5	7	1	-1.7483573307806797
5	1	7	1	1.7483573307806797
1	5	2	3	4.926136964886929
5	1	2	3	-4.926136964886929
1	5	3	2	-4.926136964886929
5	1	3	2	4.926136964886929
1	5	2	4	11.447307855686295
5	1	2	4	-11.447307855686295
1	5	4	2	-11.447307855686295
5	1	4	2	11.447307855686295
1	5	2	5	6.772318657594311
5	1	2	5	-6.772318657594311
1	5	5	2	-6.772318657594311
5	1	5	2	6.772318657594311
1	5	2	6	4.769350976251392
5	1	2	6	-4.769350976251392
1	5	6	2	-4.769350976251392
5	1	6	2	4.769350976251392
1	5	2	7	3.899013410696681
5	1	2	7	-3.899013410696681
1	5	7	2	-3.899013410696681
5	1	7	2	3.899013410696681
1	5	3	4	5.047788294557
5	1	3	4	-5.047788294557
1	5	4	3	-5.047788294557
5	1	4	3	5.047788294557
1	5	3	5	3.6863833525858682
5	1	3	5	-3.6863833525858682
1	5	5	3	-3.6863833525858682
5	1	5	3	3.6863833525858682
1	5	3	6	12.370729896772119
5	1	3	6	-12.370729896772119
1	5	6	3	-12.370729896772119
5	1	6	3	12.370729896772119
1	5	3	7	3.932005301839464
5	1	3	7	-3.932005301839464
1	5	7	3	-3.932005301839464
5	1	7	3	3.932005301839464
1	5	4	5	2.764787514439401
5	1	4	5	-2.764787514439401
1	5	5	4	-2.764787514439401
5	1	5	4	2.764787514439401
1	5	4	6	1.7585591086128534
5	1	4	6	-1.7585591086128534
1	5	6	4	-1.7585591086128534
5	1	6	4	1.7585591086128534
1	5	4	7	2.085936679928006
5	1	4	7	-2.085936679928006
1	5	7	4	-2.085936679928006
5	1	7	4	2.085936679928006
1	5	5	6	0.9375266950519066
5	1	5	6	-0.9375266950519066
1	5	6	5	-0.9375266950519066
5	1	6	5	0.9375266950519066
1	5	5	7	2.895008523239633
5	1	5	7	-2.895008523239633
1	5	7	5	-2.895008523239633
5	1	7	5	2.895008523239633
1	5	6	7	2.1956213581479664
5	1	6	7	-2.1956213581479664
1	5	7	6	-2.1956213581479664
5	1	7	6	2.1956213581479664
1	6	0	1	2.060979708761653
6	1	0	1	-2.060979708761653
1	6	1	0	-2.060979708761653
6	1	1	0	2.060979708761653
1	6	0	2	1.2424624547116032
6	1	0	2	-1.2424624547116032
1	6	2	0	-1.2424624547116032
6	1	2	0	1.2424624547116032
1	6	0	3	0.7176610846749013
6	1	0	3	-0.7176610846749013
1	6	3	0	-0.7176610846749013
6	1	3	0	0.7176610846749013
1	6	0	4	0.4046679649223531
6	1	0	4	-0.4046679649223531
1	6	4	0	-0.4046679649223531
6	1	4	0	0.4046679649223531
1	6	0	5	0.17655366994818883
6	1	0	5	-0.17655366994818883
1	6	5	0	-0.17655366994818883
6	1	5	0	0.17655366994818883
1	6	0	6	2.3573870435194406
6	1	0	6	-2.3573870435194406
1	6	6	0	-2.3573870435194406
6	1	6	0	2.3573870435194406
1	6	0	7	1.245469307360742
6	1	0	7	-1.245469307360742
1	6	7	0	-1.245469307360742
6	1	7	0	1.245469307360742
1	6	1	2	1.9392648371249728
6	1	1	2	-1.9392648371249728
1	6	2	1	-1.9392648371249728
6	1	2	1	1.9392648371249728
1	6	1	3	1.423931368261666
6	1	1	3	-1.423931368261666
1	6	3	1	-1.423931368261666
6	1	3	1	1.423931368261666
1	6	1	4	0.6774973846899337
6	1	1	4	-0.6774973846899337
1	6	4	1	-0.6774973846899337
6	1	4	1	0.6774973846899337
1	6	1	5	9.93698663752136
6	1	1	5	-9.93698663752136
1	6	5	1	-9.93698663752136
6	1	5	1	9.93698663752136
1	6	1	6	2.4605332245570035
6	1	1	6	-2.4605332245570035
1	6	6	1	-2.4605332245570035
6	1	6	1	2.4605332245570035
1	6	1	7	1.088740961938016
6	1	1	7	-1.088740961938016
1	6	7	1	-1.088740961938016
6	1	7	1	1.088740961938016
1	6	2	3	3.3048157714189226
6	1	2	3	-3.3048157714189226
1	6	3	2	-3.3048157714189226
6	1	3	2	3.3048157714189226
1	6	2	4	6.951255995281511
6	1	2	4	-6.951255995281511
1	6	4	2	-6.951255995281511
6	1	4	2	6.951255995281511
1	6	2	5	5.417573779792575
6	1	2	5	-5.417573779792575
1	6	5	2	-5.417573779792575
6	1	5	2	5.417573779792575
1	6	2	6	4.300765354654183
6	1	2	6	-4.300765354654183
1	6	6	2	-4.300765354654183
6	1	6	2	4.300765354654183
1	6	2	7	3.0948488655358055
6	1	2	7	-3.0948488655358055
1	6	7	2	-3.0948488655358055
6	1	7	2	3.0948488655358055
1	6	3	4	2.8657881355958743
6	1	3	4	-2.8657881355958743
1	6	4	3	-2.8657881355958743
6	1	4	3	2.8657881355958743
1	6	3	5	2.8291109973508153
6	1	3	5	-2.8291109973508153
1	6	5	3	-2.8291109973508153
6	1	5	3	2.8291109973508153
1	6	3	6	12.00288726551175
6	1	3	6	-12.00288726551175
1	6	6	3	-12.00288726551175
6	1	6	3	12.00288726551175
1	6	3	7	4.5122958831944056
6	1	3	7	-4.5122958831944056
1	6	7	3	-4.5122958831944056
6	1	7	3	4.5122958831944056
1	6	4	5	1.8291029411817583
6	1	4	5	-1.8291029411817583
1	6	5	4	-1.8291029411817583
6	1	5	4	1.8291029411817583
1	6	4	6	1.7799039328413386
6	1	4	6	-1.7799039328413386
1	6	6	4	-1.7799039328413386
6	1	6	4	1.7799039328413386
1	6	4	7	2.351968778451199
6	1	4	7	-2.351968778451199
1	6	7	4	-2.351968778451199
6	1	7	4	2.351968778451199
1	6	5	6	0.9452665176739353
6	1	5	6	-0.9452665176739353
1	6	6	5	-0.9452665176739353
6	1	6	5	0.9452665176739353
1	6	5	7	3.1145215780717526
6	1	5	7	-3.1145215780717526
1	6	7	5	-3.1145215780717526
6	1	7	5	3.1145215780717526
1	6	6	7	2.208735526833941
6	1	6	7	-2.208735526833941
1	6	7	6	-2.208735526833941
6	1	7	6	2.208735526833941
1	7	0	1	2.1269099259978175
7	1	0	1	-2.1269099259978175
1	7	1	0	-2.1269099259978175
7	1	1	0	2.1269099259978175
1	7	0	2	1.2827202940968534
7	1	0	2	-1.2827202940968534
1	7	2	0	-1.2827202940968534
7	1	2	0	1.2827202940968534
1	7	0	3	0.8178252505007211
7	1	0	3	-0.8178252505007211
1	7	3	0	-0.8178252505007211
7	1	3	0	0.8178252505007211
1	7	0	4	0.40480926030339126
7	1	0	4	-0.40480926030339126
1	7	4	0	-0.40480926030339126
7	1	4	0	0.40480926030339126
1	7	0	5	0.15149420358537202
7	1	0	5	-0.15149420358537202
1	7	5	0	-0.15149420358537202
7	1	5	0	0.15149420358537202
1	7	0	6	2.7732977712879117
7	1	0	6	-2.7732977712879117
1	7	6	0	-2.7732977712879117
7	1	6	0	2.7732977712879117
1	7	0	7	1.2743769840957915
7	1	0	7	-1.2743769840957915
1	7	7	0	-1.2743769840957915
7	1	7	0	1.2743769840957915
1	7	1	2	1.5298555723885847
7	1	1	2	-1.5298555723885847
1	7	2	1	-1.5298555723885847
7	1	2	1	1.5298555723885847
1	7	1	3	1.301177974848282
7	1	1	3	-1.301177974848282
1	7	3	1	-1.301177974848282
7	1	3	1	1.301177974848282
1	7	1	4	0.8200635934223174
7	1	1	4	-0.8200635934223174
1	7	4	1	-0.8200635934223174
7	1	4	1	0.8200635934223174
1	7	1	5	10.200119719650345
7	1	1	5	-10.200119719650345
1	7	5	1	-10.200119719650345
7	1	5	1	10.200119719650345
1	7	1	6	2.3602991139625265
7	1	1	6	-2.3602991139625265
1	7	6	1	-2.3602991139625265
7	1	6	1	2.3602991139625265
1	7	1	7	1.5299829514732428
7	1	1	7	-1.5299829514732428
1	7	7	1	-1.5299829514732428
7	1	7	1	1.5299829514732428
1	7	2	3	3.530706825007018
7	1	2	3	-3.530706825007018
1	7	3	2	-3.530706825007018
7	1	3	2	3.530706825007018
1	7	2	4	6.722506713420221
7	1	2	4	-6.722506713420221
1	7	4	2	-6.722506713420221
7	1	4	2	6.722506713420221
1	7	2	5	4.624837914903191
7	1	2	5	-4.624837914903191
1	7	5	2	-4.624837914903191
7	1	5	2	4.624837914903191
1	7	2	6	4.046333396172013
7	1	2	6	-4.046333396172013
1	7	6	2	-4.046333396172013
7	1	6	2	4.046333396172013
1	7	2	7	3.68613023230173
7	1	2	7	-3.68613023230173
1	7	7	2	-3.68613023230173
7	1	7	2	3.68613023230173
1	7	3	4	3.692400575283351
7	1	3	4	-3.692400575283351
1	7	4	3	-3.692400575283351
7	1	4	3	3.692400575283351
1	7	3	5	2.4373526253273767
7	1	3	5	-2.4373526253273767
1	7	5	3	-2.4373526253273767
7	1	5	3	2.4373526253273767
1	7	3	6	11.270826240589011
7	1	3	6	-11.270826240589011
1	7	6	3	-11.270826240589011
7	1	6	3	11.270826240589011
1	7	3	7	4.401259195966702
7	1	3	7	-4.401259195966702
1	7	7	3	-4.401259195966702
7	1	7	3	4.401259195966702
1	7	4	5	2.169003785878258
7	1	4	5	-2.169003785878258
1	7	5	4	-2.169003785878258
7	1	5	4	2.169003785878258
1	7	4	6	1.8016784029378459
7	1	4	6	-1.8016784029378459
1	7	6	4	-1.8016784029378459
7	1	6	4	1.8016784029378459
1	7	4	7	2.239445192179794
7	1	4	7	-2.239445192179794
1	7	7	4	-2.239445192179794
7	1	7	4	2.239445192179794
1	7	5	6	0.9518489744175583
7	1	5	6	-0.9518489744175583
1	7	6	5	-0.9518489744175583
7	1	6	5	0.9518489744175583
1	7	5	7	2.5105426518820826
7	1	5	7	-2.5105426518820826
1	7	7	5	-2.5105426518820826
7	1	7	5	2.5105426518820826
1	7	6	7	1.8227319490268052
7	1	6	7	-1.8227319490268052
1	7	7	6	-1.8227319490268052
7	1	7	6	1.8227319490268052
2	3	0	1	2.764787514439401
3	2	0	1	-2.764787514439401
2	3	1	0	-2.764787514439401
3	2	1	0	2.764787514439401
2	3	0	2	1.8431916762929341
3	2	0	2	-1.8431916762929341
2	3	2	0	-1.8431916762929341
3	2	2	0	1.8431916762929341
2	3	0	3	1.1287197762657186
3	2	0	3	-1.1287197762657186
2	3	3	0	-1.1287197762657186
3	2	3	0	1.1287197762657186
2	3	0	4	0.6033260983517794
3	2	0	4	-0.6033260983517794
2	3	4	0	-0.6033260983517794
3	2	4	0	0.6033260983517794
2	3	0	5	0.24630684824434643
3	2	0	5	-0.24630684824434643
2	3	5	0	-0.24630684824434643
3	2	5	0	0.24630684824434643
2	3	0	6	2.5600458080039403
3	2	0	6	-2.5600458080039403
2	3	6	0	-2.5600458080039403
3	2	6	0	2.5600458080039403
2	3	0	7	0.9701307116176097
3	2	0	7	-0.9701307116176097
2	3	7	0	-0.9701307116176097
3	2	7	0	0.9701307116176097
2	3	1	2	2.5238941472785
3	2	1	2	-2.5238941472785
2	3	2	1	-2.5238941472785
3	2	2	1	2.5238941472785
2	3	1	3	1.9078846426143825
3	2	1	3	-1.9078846426143825
2	3	3	1	-1.9078846426143825
3	2	3	1	1.9078846426143825
2	3	1	4	1.2315342412217323
3	2	1	4	-1.2315342412217323
2	3	4	1	-1.2315342412217323
3	2	4	1	1.2315342412217323
2	3	1	5	14.479826360442704
3	2	1	5	-14.479826360442704
2	3	5	1	-14.479826360442704
3	2	5	1	14.479826360442704
2	3	1	6	2.4242783244122497
3	2	1	6	-2.4242783244122497
2	3	6	1	-2.4242783244122497
3	2	6	1	2.4242783244122497
2	3	1	7	1.9715457836826444
3	2	1	7	-1.9715457836826444
2	3	7	1	-1.9715457836826444
3	2	7	1	1.9715457836826444
2	3	2	3	4.926136964886929
3	2	2	3	-4.926136964886929
2	3	3	2	-4.926136964886929
3	2	3	2	4.926136964886929
2	3	2	4	11.447307855686295
3	2	2	4	-11.447307855686295
2	3	4	2	-11.447307855686295
3	2	4	2	11.447307855686295
2	3	2	5	6.772318657594311
3	2	2	5	-6.772318657594311
2	3	5	2	-6.772318657594311
3	2	5	2	6.772318657594311
2	3	2	6	3.8786823824944596
3	2	2	6	-3.8786823824944596
2	3	6	2	-3.8786823824944596
3	2	6	2	3.8786823824944596
2	3	2	7	3.2677580950686926
3	2	2	7	-3.2677580950686926
2	3	7	2	-3.2677580950686926
3	2	7	2	3.2677580950686926
2	3	3	4	5.047788294557
3	2	3	4	-5.047788294557
2	3	4	3	-5.047788294557
3	2	4	3	5.047788294557
2	3	3	5	3.6863833525858682
3	2	3	5	-3.6863833525858682
2	3	5	3	-3.6863833525858682
3	2	5	3	3.6863833525858682
2	3	3	6	11.55892081240546
3	2	3	6	-11.55892081240546
2	3	6	3	-11.55892081240546
3	2	6	3	11.55892081240546
2	3	3	7	3.857685524145354
3	2	3	7	-3.857685524145354
2	3	7	3	-3.857685524145354
3	2	7	3	3.857685524145354
2	3	4	5	2.764787514439401
3	2	4	5	-2.764787514439401
2	3	5	4	-2.764787514439401
3	2	5	4	2.764787514439401
2	3	4	6	1.6346792817702436
3	2	4	6	-1.6346792817702436
2	3	6	4	-1.6346792817702436
3	2	6	4	1.6346792817702436
2	3	4	7	2.5924094725589346
3	2	4	7	-2.5924094725589346
2	3	7	4	-2.5924094725589346
3	2	7	4	2.5924094725589346
2	3	5	6	1.0584131962019727
3	2	5	6	-1.0584131962019727
2	3	6	5	-1.0584131962019727
3	2	6	5	1.0584131962019727
2	3	5	7	2.3764794114418644
3	2	5	7	-2.3764794114418644
2	3	7	5	-2.3764794114418644
3	2	7	5	2.3764794114418644
2	3	6	7	1.8436390925251005
3	2	6	7	-1.8436390925251005
2	3	7	6	-1.8436390925251005
3	2	7	6	1.8436390925251005
2	4	0	1	2.764787514439401
4	2	0	1	-2.764787514439401
2	4	1	0	-2.764787514439401
4	2	1	0	2.764787514439401
2	4	0	2	1.8431916762929341
4	2	0	2	-1.8431916762929341
2	4	2	0	-1.8431916762929341
4	2	2	0	1.8431916762929341
2	4	0	3	1.1287197762657186
4	2	0	3	-1.1287197762657186
2	4	3	0	-1.1287197762657186
4	2	3	0	1.1287197762657186
2	4	0	4	0.6033260983517794
4	2	0	4	-0.6033260983517794
2	4	4	0	-0.6033260983517794
4	2	4	0	0.6033260983517794
2	4	0	5	0.24630684824434643
4	2	0	5	-0.24630684824434643
2	4	5	0	-0.24630684824434643
4	2	5	0	0.24630684824434643
2	4	0	6	3.526268321113326
4	2	0	6	-3.526268321113326
2	4	6	0	-3.526268321113326
4	2	6	0	3.526268321113326
2	4	0	7	1.2201639594420457
4	2	0	7	-1.2201639594420457
2	4	7	0	-1.2201639594420457
4	2	7	0	1.2201639594420457
2	4	1	2	2.5238941472785
4	2	1	2	-2.5238941472785
2	4	2	1	-2.5238941472785
4	2	2	1	2.5238941472785
2	4	1	3	1.9078846426143825
4	2	1	3	-1.9078846426143825
2	4	3	1	-1.9078846426143825
4	2	3	1	1.9078846426143825
2	4	1	4	1.2315342412217323
4	2	1	4	-1.2315342412217323
2	4	4	1	-1.2315342412217323
4	2	4	1	1.2315342412217323
2	4	1	5	14.479826360442704
4	2	1	5	-14.479826360442704
2	4	5	1	-14.479826360442704
4	2	5	1	14.479826360442704
2	4	1	6	2.8687790116177694
4	2	1	6	-2.8687790116177694
2	4	6	1	-2.8687790116177694
4	2	6	1	2.8687790116177694
2	4	1	7	1.1988624696860963
4	2	1	7	-1.1988624696860963
2	4	7	1	-1.1988624696860963
4	2	7	1	1.1988624696860963
2	4	2	3	4.926136964886929
4	2	2	3	-4.926136964886929
2	4	3	2	-4.926136964886929
4	2	3	2	4.926136964886929
2	4	2	4	11.447307855686295
4	2	2	4	-11.447307855686295
2	4	4	2	-11.447307855686295
4	2	4	2	11.447307855686295
2	4	2	5	6.772318657594311
4	2	2	5	-6.772318657594311
2	4	5	2	-6.772318657594311
4	2	5	2	6.772318657594311
2	4	2	6	3.562927719158594
4	2	2	6	-3.562927719158594
2	4	6	2	-3.562927719158594
4	2	6	2	3.562927719158594
2	4	2	7	3.8880628616841304
4	2	2	7	-3.8880628616841304
2	4	7	2	-3.8880628616841304
4	2	7	2	3.8880628616841304
2	4	3	4	5.047788294557
4	2	3	4	-5.047788294557
2	4	4	3	-5.047788294557
4	2	4	3	5.047788294557
2	4	3	5	3.6863833525858682
4	2	3	5	-3.6863833525858682
2	4	5	3	-3.6863833525858682
4	2	5	3	3.6863833525858682
2	4	3	6	11.740214229096097
4	2	3	6	-11.740214229096097
2	4	6	3	-11.740214229096097
4	2	6	3	11.740214229096097
2	4	3	7	5.132720365664139
4	2	3	7	-5.132720365664139
2	4	7	3	-5.132720365664139
4	2	7	3	5.132720365664139
2	4	4	5	2.764787514439401
4	2	4	5	-2.764787514439401
2	4	5	4	-2.764787514439401
4	2	5	4	2.764787514439401
2	4	4	6	1.6493112611097447
4	2	4	6	-1.6493112611097447
2	4	6	4	-1.6493112611097447
4	2	6	4	1.6493112611097447
2	4	4	7	2.7142569595861756
4	2	4	7	-2.7142569595861756
2	4	7	4	-2.7142569595861756
4	2	7	4	2.7142569595861756
2	4	5	6	1.2634943837533692
4	2	5	6	-1.2634943837533692
2	4	6	5	-1.2634943837533692
4	2	6	5	1.2634943837533692
2	4	5	7	2.5234841282132274
4	2	5	7	-2.5234841282132274
2	4	7	5	-2.5234841282132274
4	2	7	5	2.5234841282132274
2	4	6	7	1.5312882612175496
4	2	6	7	-1.5312882612175496
2	4	7	6	-1.5312882612175496
4	2	7	6	1.5312882612175496
2	5	0	1	2.764787514439401
5	2	0	1	-2.764787514439401
2	5	1	0	-2.764787514439401
5	2	1	0	2.764787514439401
2	5	0	2	1.8431916762929341
5	2	0	2	-1.8431916762929341
2	5	2	0	-1.8431916762929341
5	2	2	0	1.8431916762929341
2	5	0	3	1.1287197762657186
5	2	0	3	-1.1287197762657186
2	5	3	0	-1.1287197762657186
5	2	3	0	1.1287197762657186
2	5	0	4	0.6033260983517794
5	2	0	4	-0.6033260983517794
2	5	4	0	-0.6033260983517794
5	2	4	0	0.6033260983517794
2	5	0	5	0.24630684824434643
5	2	0	5	-0.24630684824434643
2	5	5	0	-0.24630684824434643
5	2	5	0	0.24630684824434643
2	5	0	6	2.9671706242969194
5	2	0	6	-2.9671706242969194
2	5	6	0	-2.9671706242969194
5	2	6	0	2.9671706242969194
2	5	0	7	1.1329579058866175
5	2	0	7	-1.1329579058866175
2	5	7	0	-1.1329579058866175
5	2	7	0	1.1329579058866175
2	5	1	2	2.5238941472785
5	2	1	2	-2.5238941472785
2	5	2	1	-2.5238941472785
5	2	2	1	2.5238941472785
2	5	1	3	1.9078846426143825
5	2	1	3	-1.9078846426143825
2	5	3	1	-1.9078846426143825
5	2	3	1	1.9078846426143825
2	5	1	4	1.2315342412217323
5	2	1	4	-1.2315342412217323
2	5	4	1	-1.2315342412217323
5	2	4	1	1.2315342412217323
2	5	1	5	14.479826360442704
5	2	1	5	-14.479826360442704
2	5	5	1	-14.479826360442704
5	2	5	1	14.479826360442704
2	5	1	6	2.6577314349935346
5	2	1	6	-2.6577314349935346
2	5	6	1	-2.6577314349935346
5	2	6	1	2.6577314349935346
2	5	1	7	1.7003323630087506
5	2	1	7	-1.7003323630087506
2	5	7	1	-1.7003323630087506
5	2	7	1	1.7003323630087506
2	5	2	3	4.926136964886929
5	2	2	3	-4.926136964886929
2	5	3	2	-4.926136964886929
5	2	3	2	4.926136964886929
2	5	2	4	11.447307855686295
5	2	2	4	-11.447307855686295
2	5	4	2	-11.447307855686295
5	2	4	2	11.447307855686295
2	5	2	5	6.772318657594311
5	2	2	5	-6.772318657594311
2	5	5	2	-6.772318657594311
5	2	5	2	6.772318657594311
2	5	2	6	5.020095564842661
5	2	2	6	-5.020095564842661
2	5	6	2	-5.020095564842661
5	2	6	2	5.020095564842661
2	5	2	7	3.3061560419787
5	2	2	7	-3.3061560419787
2	5	7	2	-3.3061560419787
5	2	7	2	3.3061560419787
2	5	3	4	5.047788294557
5	2	3	4	-5.047788294557
2	5	4	3	-5.047788294557
5	2	4	3	5.047788294557
2	5	3	5	3.6863833525858682
5	2	3	5	-3.6863833525858682
2	5	5	3	-3.6863833525858682
5	2	5	3	3.6863833525858682
2	5	3	6	11.056977571899036
5	2	3	6	-11.056977571899036
2	5	6	3	-11.056977571899036
5	2	6	3	11.056977571899036
2	5	3	7	4.16470906240689
5	2	3	7	-4.16470906240689
2	5	7	3	-4.16470906240689
5	2	7	3	4.16470906240689
2	5	4	5	2.764787514439401
5	2	4	5	-2.764787514439401
2	5	5	4	-2.764787514439401
5	2	5	4	2.764787514439401
2	5	4	6	1.575697575320788
5	2	4	6	-1.575697575320788
2	5	6	4	-1.575697575320788
5	2	6	4	1.575697575320788
2	5	4	7	2.432031987443874
5	2	4	7	-2.432031987443874
2	5	7	4	-2.432031987443874
5	2	7	4	2.432031987443874
2	5	5	6	0.9554614243565719
5	2	5	6	-0.9554614243565719
2	5	6	5	-0.9554614243565719
5	2	6	5	0.9554614243565719
2	5	5	7	3.4377053038611907
5	2	5	7	-3.4377053038611907
2	5	7	5	-3.4377053038611907
5	2	7	5	3.4377053038611907
2	5	6	7	2.1761684834249406
5	2	6	7	-2.1761684834249406
2	5	7	6	-2.1761684834249406
5	2	7	6	2.1761684834249406
2	6	0	1	1.9788195298566167
6	2	0	1	-1.9788195298566167
2	6	1	0	-1.9788195298566167
6	2	1	0	1.9788195298566167
2	6	0	2	1.4005908618159724
6	2	0	2	-1.4005908618159724
2	6	2	0	-1.4005908618159724
6	2	2	0	1.4005908618159724
2	6	0	3	0.7061939001629619
6	2	0	3	-0.7061939001629619
2	6	3	0	-0.7061939001629619
6	2	3	0	0.7061939001629619
2	6	0	4	0.42146494156822445
6	2	0	4	-0.42146494156822445
2	6	4	0	-0.42146494156822445
6	2	4	0	0.42146494156822445
2	6	0	5	0.15449728253738912
6	2	0	5	-0.15449728253738912
2	6	5	0	-0.15449728253738912
6	2	5	0	0.15449728253738912
2	6	0	6	2.751013916601483
6	2	0	6	-2.751013916601483
2	6	6	0	-2.751013916601483
6	2	6	0	2.751013916601483
2	6	0	7	1.2087706707159536
6	2	0	7	-1.2087706707159536
2	6	7	0	-1.2087706707159536
6	2	7	0	1.2087706707159536
2	6	1	2	2.0358035180656433
6	2	1	2	-2.0358035180656433
2	6	2	1	-2.0358035180656433
6	2	2	1	2.0358035180656433
2	6	1	3	1.3564761176710833
6	2	1	3	-1.3564761176710833
2	6	3	1	-1.3564761176710833
6	2	3	1	1.3564761176710833
2	6	1	4	0.686236160176342
6	2	1	4	-0.686236160176342
2	6	4	1	-0.686236160176342
6	2	4	1	0.686236160176342
2	6	1	5	11.555685952435939
6	2	1	5	-11.555685952435939
2	6	5	1	-11.555685952435939
6	2	5	1	11.555685952435939
2	6	1	6	2.5667089506661624
6	2	1	6	-2.5667089506661624
2	6	6	1	-2.5667089506661624
6	2	6	1	2.5667089506661624
2	6	1	7	1.676585710837535
6	2	1	7	-1.676585710837535
2	6	7	1	-1.676585710837535
6	2	7	1	1.676585710837535
2	6	2	3	3.778650975260505
6	2	2	3	-3.778650975260505
2	6	3	2	-3.778650975260505
6	2	3	2	3.778650975260505
2	6	2	4	8.101410647510367
6	2	2	4	-8.101410647510367
2	6	4	2	-8.101410647510367
6	2	4	2	8.101410647510367
2	6	2	5	4.989240622441192
6	2	2	5	-4.989240622441192
2	6	5	2	-4.989240622441192
6	2	5	2	4.989240622441192
2	6	2	6	5.000123061865213
6	2	2	6	-5.000123061865213
2	6	6	2	-5.000123061865213
6	2	6	2	5.000123061865213
2	6	2	7	3.068111153279919
6	2	2	7	-3.068111153279919
2	6	7	2	-3.068111153279919
6	2	7	2	3.068111153279919
2	6	3	4	3.1651697308333246
6	2	3	4	-3.1651697308333246
2	6	4	3	-3.1651697308333246
6	2	4	3	3.1651697308333246
2	6	3	5	2.3036703731560855
6	2	3	5	-2.3036703731560855
2	6	5	3	-2.3036703731560855
6	2	5	3	2.3036703731560855
2	6	3	6	11.731092166955365
6	2	3	6	-11.731092166955365
2	6	6	3	-11.731092166955365
6	2	6	3	11.731092166955365
2	6	3	7	3.1267963772524268
6	2	3	7	-3.1267963772524268
2	6	7	3	-3.1267963772524268
6	2	7	3	3.1267963772524268
2	6	4	5	2.2420614549197464
6	2	4	5	-2.2420614549197464
2	6	5	4	-2.2420614549197464
6	2	5	4	2.2420614549197464
2	6	4	6	1.782024363317839
6	2	4	6	-1.782024363317839
2	6	6	4	-1.782024363317839
6	2	6	4	1.782024363317839
2	6	4	7	2.5453228147683262
6	2	4	7	-2.5453228147683262
2	6	7	4	-2.5453228147683262
6	2	7	4	2.5453228147683262
2	6	5	6	1.1226536025976062
6	2	5	6	-1.1226536025976062
2	6	6	5	-1.1226536025976062
6	2	6	5	1.1226536025976062
2	6	5	7	2.8996866071947087
6	2	5	7	-2.8996866071947087
2	6	7	5	-2.8996866071947087
6	2	7	5	2.8996866071947087
2	6	6	7	2.029068360457049
6	2	6	7	-2.029068360457049
2	6	7	6	-2.029068360457049
6	2	7	6	2.029068360457049
2	7	0	1	2.089495866855038
7	2	0	1	-2.089495866855038
2	7	1	0	-2.089495866855038
7	2	1	0	2.089495866855038
2	7	0	2	1.3303797720791979
7	2	0	2	-1.3303797720791979
2	7	2	0	-1.3303797720791979
7	2	2	0	1.3303797720791979
2	7	0	3	0.7122229929114057
7	2	0	3	-0.7122229929114057
2	7	3	0	-0.7122229929114057
7	2	3	0	0.7122229929114057
2	7	0	4	0.47317888685781245
7	2	0	4	-0.47317888685781245
2	7	4	0	-0.47317888685781245
7	2	4	0	0.47317888685781245
2	7	0	5	0.23007018552664724
7	2	0	5	-0.23007018552664724
2	7	5	0	-0.23007018552664724
7	2	5	0	0.23007018552664724
2	7	0	6	2.8248500398330694
7	2	0	6	-2.8248500398330694
2	7	6	0	-2.8248500398330694
7	2	6	0	2.8248500398330694
2	7	0	7	0.9395249219182872
7	2	0	7	-0.9395249219182872
2	7	7	0	-0.9395249219182872
7	2	7	0	0.9395249219182872
2	7	1	2	1.8744958759705381
7	2	1	2	-1.8744958759705381
2	7	2	1	-1.8744958759705381
7	2	2	1	1.8744958759705381
2	7	1	3	1.3151293654594274
7	2	1	3	-1.3151293654594274
2	7	3	1	-1.3151293654594274
7	2	3	1	1.3151293654594274
2	7	1	4	0.7083525183853283
7	2	1	4	-0.7083525183853283
2	7	4	1	-0.7083525183853283
7	2	4	1	0.7083525183853283
2	7	1	5	11.427249166463382
7	2	1	5	-11.427249166463382
2	7	5	1	-11.427249166463382
7	2	5	1	11.427249166463382
2	7	1	6	2.3357629295017803
7	2	1	6	-2.3357629295017803
2	7	6	1	-2.3357629295017803
7	2	6	1	2.3357629295017803
2	7	1	7	1.4405739135674542
7	2	1	7	-1.4405739135674542
2	7	7	1	-1.4405739135674542
7	2	7	1	1.4405739135674542
2	7	2	3	2.939068343537269
7	2	2	3	-2.939068343537269
2	7	3	2	-2.939068343537269
7	2	3	2	2.939068343537269
2	7	2	4	7.371302811606385
7	2	2	4	-7.371302811606385
2	7	4	2	-7.371302811606385
7	2	4	2	7.371302811606385
2	7	2	5	4.970648143725593
7	2	2	5	-4.970648143725593
2	7	5	2	-4.970648143725593
7	2	5	2	4.970648143725593
2	7	2	6	4.692038780124481
7	2	2	6	-4.692038780124481
2	7	6	2	-4.692038780124481
7	2	6	2	4.692038780124481
2	7	2	7	3.0100462052794694
7	2	2	7	-3.0100462052794694
2	7	7	2	-3.0100462052794694
7	2	7	2	3.0100462052794694
2	7	3	4	3.3865426698080627
7	2	3	4	-3.3865426698080627
2	7	4	3	-3.3865426698080627
7	2	4	3	3.3865426698080627
2	7	3	5	2.7988655669236753
7	2	3	5	-2.7988655669236753
2	7	5	3	-2.7988655669236753
7	2	5	3	2.7988655669236753
2	7	3	6	10.90878916544503
7	2	3	6	-10.90878916544503
2	7	6	3	-10.90878916544503
7	2	6	3	10.90878916544503
2	7	3	7	3.9944348838339674
7	2	3	7	-3.9944348838339674
2	7	7	3	-3.9944348838339674
7	2	7	3	3.9944348838339674
2	7	4	5	1.683972779416768
7	2	4	5	-1.683972779416768
2	7	5	4	-1.683972779416768
7	2	5	4	1.683972779416768
2	7	4	6	1.500666350269367
7	2	4	6	-1.500666350269367
2	7	6	4	-1.500666350269367
7	2	6	4	1.500666350269367
2	7	4	7	2.1494434983865904
7	2	4	7	-2.1494434983865904
2	7	7	4	-2.1494434983865904
7	2	7	4	2.1494434983865904
2	7	5	6	1.005432101694445
7	2	5	6	-1.005432101694445
2	7	6	5	-1.005432101694445
7	2	6	5	1.005432101694445
2	7	5	7	2.6474685533088365
7	2	5	7	-2.6474685533088365
2	7	7	5	-2.6474685533088365
7	2	7	5	2.6474685533088365
2	7	6	7	1.7707141564511488
7	2	6	7	-1.7707141564511488
2	7	7	6	-1.7707141564511488
7	2	7	6	1.7707141564511488
3	4	0	1	2.764787514439401
4	3	0	1	-2.764787514439401
3	4	1	0	-2.764787514439401
4	3	1	0	2.764787514439401
3	4	0	2	1.8431916762929341
4	3	0	2	-1.8431916762929341
3	4	2	0	-1.8431916762929341
4	3	2	0	1.8431916762929341
3	4	0	3	1.1287197762657186
4	3	0	3	-1.1287197762657186
3	4	3	0	-1.1287197762657186
4	3	3	0	1.1287197762657186
3	4	0	4	0.6033260983517794
4	3	0	4	-0.6033260983517794
3	4	4	0	-0.6033260983517794
4	3	4	0	0.6033260983517794
3	4	0	5	0.24630684824434643
4	3	0	5	-0.24630684824434643
3	4	5	0	-0.24630684824434643
4	3	5	0	0.24630684824434643
3	4	0	6	3.2412551880107947
4	3	0	6	-3.2412551880107947
3	4	6	0	-3.2412551880107947
4	3	6	0	3.2412551880107947
3	4	0	7	1.1536658177274917
4	3	0	7	-1.1536658177274917
3	4	7	0	-1.1536658177274917
4	3	7	0	1.1536658177274917
3	4	1	2	2.5238941472785
4	3	1	2	-2.5238941472785
3	4	2	1	-2.5238941472785
4	3	2	1	2.5238941472785
3	4	1	3	1.9078846426143825
4	3	1	3	-1.9078846426143825
3	4	3	1	-1.9078846426143825
4	3	3	1	1.9078846426143825
3	4	1	4	1.2315342412217323
4	3	1	4	-1.2315342412217323
3	4	4	1	-1.2315342412217323
4	3	4	1	1.2315342412217323
3	4	1	5	14.479826360442704
4	3	1	5	-14.479826360442704
3	4	5	1	-14.479826360442704
4	3	5	1	14.479826360442704
3	4	1	6	2.063655241715685
4	3	1	6	-2.063655241715685
3	4	6	1	-2.063655241715685
4	3	6	1	2.063655241715685
3	4	1	7	1.5206790997890365
4	3	1	7	-1.5206790997890365
3	4	7	1	-1.5206790997890365
4	3	7	1	1.5206790997890365
3	4	2	3	4.926136964886929
4	3	2	3	-4.926136964886929
3	4	3	2	-4.926136964886929
4	3	3	2	4.926136964886929
3	4	2	4	11.447307855686295
4	3	2	4	-11.447307855686295
3	4	4	2	-11.447307855686295
4	3	4	2	11.447307855686295
3	4	2	5	6.772318657594311
4	3	2	5	-6.772318657594311
3	4	5	2	-6.772318657594311
4	3	5	2	6.772318657594311
3	4	2	6	4.029729363078543
4	3	2	6	-4.029729363078543
3	4	6	2	-4.029729363078543
4	3	6	2	4.029729363078543
3	4	2	7	4.546338967710599
4	3	2	7	-4.546338967710599
3	4	7	2	-4.546338967710599
4	3	7	2	4.546338967710599
3	4	3	4	5.047788294557
4	3	3	4	-5.047788294557
3	4	4	3	-5.047788294557
4	3	4	3	5.047788294557
3	4	3	5	3.6863833525858682
4	3	3	5	-3.6863833525858682
3	4	5	3	-3.6863833525858682
4	3	5	3	3.6863833525858682
3	4	3	6	12.38244620992529
4	3	3	6	-12.38244620992529
3	4	6	3	-12.38244620992529
4	3	6	3	12.38244620992529
3	4	3	7	5.188813346982501
4	3	3	7	-5.188813346982501
3	4	7	3	-5.188813346982501
4	3	7	3	5.188813346982501
3	4	4	5	2.764787514439401
4	3	4	5	-2.764787514439401
3	4	5	4	-2.764787514439401
4	3	5	4	2.764787514439401
3	4	4	6	1.2121223453789713
4	3	4	6	-1.2121223453789713
3	4	6	4	-1.2121223453789713
4	3	6	4	1.2121223453789713
3	4	4	7	1.727581467357849
4	3	4	7	-1.727581467357849
3	4	7	4	-1.727581467357849
4	3	7	4	1.727581467357849
3	4	5	6	1.412599309168502
4	3	5	6	-1.412599309168502
3	4	6	5	-1.412599309168502
4	3	6	5	1.412599309168502
3	4	5	7	3.1741863251733617
4	3	5	7	-3.1741863251733617
3	4	7	5	-3.1741863251733617
4	3	7	5	3.1741863251733617
3	4	6	7	1.7353695609389141
4	3	6	7	-1.7353695609389141
3	4	7	6	-1.7353695609389141
4	3	7	6	1.7353695609389141
3	5	0	1	2.764787514439401
5	3	0	1	-2.764787514439401
3	5	1	0	-2.764787514439401
5	3	1	0	2.764787514439401
3	5	0	2	1.8431916762929341
5	3	0	2	-1.8431916762929341
3	5	2	0	-1.8431916762929341
5	3	2	0	1.8431916762929341
3	5	0	3	1.1287197762657186
5	3	0	3	-1.1287197762657186
3	5	3	0	-1.1287197762657186
5	3	3	0	1.1287197762657186
3	5	0	4	0.6033260983517794
5	3	0	4	-0.6033260983517794
3	5	4	0	-0.6033260983517794
5	3	4	0	0.6033260983517794
3	5	0	5	0.24630684824434643
5	3	0	5	-0.24630684824434643
3	5	5	0	-0.24630684824434643
5	3	5	0	0.24630684824434643
3	5	0	6	2.3677160010855443
5	3	0	6	-2.3677160010855443
3	5	6	0	-2.3677160010855443
5	3	6	0	2.3677160010855443
3	5	0	7	1.3451683182400413
5	3	0	7	-1.3451683182400413
3	5	7	0	-1.3451683182400413
5	3	7	0	1.3451683182400413
3	5	1	2	2.5238941472785
5	3	1	2	-2.5238941472785
3	5	2	1	-2.5238941472785
5	3	2	1	2.5238941472785
3	5	1	3	1.9078846426143825
5	3	1	3	-1.9078846426143825
3	5	3	1	-1.9078846426143825
5	3	3	1	1.9078846426143825
3	5	1	4	1.2315342412217323
5	3	1	4	-1.2315342412217323
3	5	4	1	-1.2315342412217323
5	3	4	1	1.2315342412217323
3	5	1	5	14.479826360442704
5	3	1	5	-14.479826360442704
3	5	5	1	-14.479826360442704
5	3	5	1	14.479826360442704
3	5	1	6	2.975110241984967
5	3	1	6	-2.975110241984967
3	5	6	1	-2.975110241984967
5	3	6	1	2.975110241984967
3	5	1	7	1.5266381970967904
5	3	1	7	-1.5266381970967904
3	5	7	1	-1.5266381970967904
5	3	7	1	1.5266381970967904
3	5	2	3	4.926136964886929
5	3	2	3	-4.926136964886929
3	5	3	2	-4.926136964886929
5	3	3	2	4.926136964886929
3	5	2	4	11.447307855686295
5	3	2	4	-11.447307855686295
3	5	4	2	-11.447307855686295
5	3	4	2	11.447307855686295
3	5	2	5	6.772318657594311
5	3	2	5	-6.772318657594311
3	5	5	2	-6.772318657594311
5	3	5	2	6.772318657594311
3	5	2	6	5.010538169565841
5	3	2	6	-5.010538169565841
3	5	6	2	-5.010538169565841
5	3	6	2	5.010538169565841
3	5	2	7	4.366914000982254
5	3	2	7	-4.366914000982254
3	5	7	2	-4.366914000982254
5	3	7	2	4.366914000982254
3	5	3	4	5.047788294557
5	3	3	4	-5.047788294557
3	5	4	3	-5.047788294557
5	3	4	3	5.047788294557
3	5	3	5	3.6863833525858682
5	3	3	5	-3.6863833525858682
3	5	5	3	-3.6863833525858682
5	3	5	3	3.6863833525858682
3	5	3	6	9.748330975003938
5	3	3	6	-9.748330975003938
3	5	6	3	-9.748330975003938
5	3	6	3	9.748330975003938
3	5	3	7	4.3937705330143215
5	3	3	7	-4.3937705330143215
3	5	7	3	-4.3937705330143215
5	3	7	3	4.3937705330143215
3	5	4	5	2.764787514439401
5	3	4	5	-2.764787514439401
3	5	5	4	-2.764787514439401
5	3	5	4	2.764787514439401
3	5	4	6	1.4279936527471973
5	3	4	6	-1.4279936527471973
3	5	6	4	-1.4279936527471973
5	3	6	4	1.4279936527471973
3	5	4	7	2.015676120435965
5	3	4	7	-2.015676120435965
3	5	7	4	-2.015676120435965
5	3	7	4	2.015676120435965
3	5	5	6	0.9637803066371237
5	3	5	6	-0.9637803066371237
3	5	6	5	-0.9637803066371237
5	3	6	5	0.9637803066371237
3	5	5	7	2.8719660988326705
5	3	5	7	-2.8719660988326705
3	5	7	5	-2.8719660988326705
5	3	7	5	2.8719660988326705
3	5	6	7	1.8734169867228767
5	3	6	7	-1.8734169867228767
3	5	7	6	-1.8734169867228767
5	3	7	6	1.8734169867228767
3	6	0	1	1.8858280413579558
6	3	0	1	-1.8858280413579558
3	6	1	0	-1.8858280413579558
6	3	1	0	1.8858280413579558
3	6	0	2	1.0995497392571503
6	3	0	2	-1.0995497392571503
3	6	2	0	-1.0995497392571503
6	3	2	0	1.0995497392571503
3	6	0	3	0.7681750364887541
6	3	0	3	-0.7681750364887541
3	6	3	0	-0.7681750364887541
6	3	3	0	0.7681750364887541
3	6	0	4	0.40965143102022106
6	3	0	4	-0.40965143102022106
3	6	4	0	-0.40965143102022106
6	3	4	0	0.40965143102022106
3	6	0	5	0.16703924155073785
6	3	0	5	-0.16703924155073785
3	6	5	0	-0.16703924155073785
6	3	5	0	0.16703924155073785
3	6	0	6	3.267069811759871
6	3	0	6	-3.267069811759871
3	6	6	0	-3.267069811759871
6	3	6	0	3.267069811759871
3	6	0	7	0.8922020509201373
6	3	0	7	-0.8922020509201373
3	6	7	0	-0.8922020509201373
6	3	7	0	0.8922020509201373
3	6	1	2	1.9525348210467848
6	3	1	2	-1.9525348210467848
3	6	2	1	-1.9525348210467848
6	3	2	1	1.9525348210467848
3	6	1	3	1.5589221420634993
6	3	1	3	-1.5589221420634993
3	6	3	1	-1.5589221420634993
6	3	3	1	1.5589221420634993
3	6	1	4	0.814783191188084
6	3	1	4	-0.814783191188084
3	6	4	1	-0.814783191188084
6	3	4	1	0.814783191188084
3	6	1	5	9.034747146638422
6	3	1	5	-9.034747146638422
3	6	5	1	-9.034747146638422
6	3	5	1	9.034747146638422
3	6	1	6	2.4070069944871966
6	3	1	6	-2.4070069944871966
3	6	6	1	-2.4070069944871966
6	3	6	1	2.4070069944871966
3	6	1	7	1.4007678435611413
6	3	1	7	-1.4007678435611413
3	6	7	1	-1.4007678435611413
6	3	7	1	1.4007678435611413
3	6	2	3	3.6204888876180057
6	3	2	3	-3.6204888876180057
3	6	3	2	-3.6204888876180057
6	3	3	2	3.6204888876180057
3	6	2	4	7.9227901823484865
6	3	2	4	-7.9227901823484865
3	6	4	2	-7.9227901823484865
6	3	4	2	7.9227901823484865
3	6	2	5	4.38574766388158
6	3	2	5	-4.38574766388158
3	6	5	2	-4.38574766388158
6	3	5	2	4.38574766388158
3	6	2	6	5.012180616931979
6	3	2	6	-5.012180616931979
3	6	6	2	-5.012180616931979
6	3	6	2	5.012180616931979
3	6	2	7	3.8987719901258737
6	3	2	7	-3.8987719901258737
3	6	7	2	-3.8987719901258737
6	3	7	2	3.8987719901258737
3	6	3	4	3.268575160532106
6	3	3	4	-3.268575160532106
3	6	4	3	-3.268575160532106
6	3	4	3	3.268575160532106
3	6	3	5	2.2856487732427806
6	3	3	5	-2.2856487732427806
3	6	5	3	-2.2856487732427806
6	3	5	3	2.2856487732427806
3	6	3	6	11.506445817088279
6	3	3	6	-11.506445817088279
3	6	6	3	-11.506445817088279
6	3	6	3	11.506445817088279
3	6	3	7	5.474950491433141
6	3	3	7	-5.474950491433141
3	6	7	3	-5.474950491433141
6	3	7	3	5.474950491433141
3	6	4	5	1.77985385743084
6	3	4	5	-1.77985385743084
3	6	5	4	-1.77985385743084
6	3	5	4	1.77985385743084
3	6	4	6	1.5809754783773373
6	3	4	6	-1.5809754783773373
3	6	6	4	-1.5809754783773373
6	3	6	4	1.5809754783773373
3	6	4	7	2.5045560976271406
6	3	4	7	-2.5045560976271406
3	6	7	4	-2.5045560976271406
6	3	7	4	2.5045560976271406
3	6	5	6	1.1659195219723872
6	3	5	6	-1.1659195219723872
3	6	6	5	-1.1659195219723872
6	3	6	5	1.1659195219723872
3	6	5	7	2.758967695408109
6	3	5	7	-2.758967695408109
3	6	7	5	-2.758967695408109
6	3	7	5	2.758967695408109
3	6	6	7	1.8598327356381716
6	3	6	7	-1.8598327356381716
3	6	7	6	-1.8598327356381716
6	3	7	6	1.8598327356381716
3	7	0	1	1.8977134897566945
7	3	0	1	-1.8977134897566945
3	7	1	0	-1.8977134897566945
7	3	1	0	1.8977134897566945
3	7	0	2	1.2811483906572394
7	3	0	2	-1.2811483906572394
3	7	2	0	-1.2811483906572394
7	3	2	0	1.2811483906572394
3	7	0	3	0.9116978484194223
7	3	0	3	-0.9116978484194223
3	7	3	0	-0.9116978484194223
7	3	3	0	0.9116978484194223
3	7	0	4	0.4235679781571371
7	3	0	4	-0.4235679781571371
3	7	4	0	-0.4235679781571371
7	3	4	0	0.4235679781571371
3	7	0	5	0.15456371216841353
7	3	0	5	-0.15456371216841353
3	7	5	0	-0.15456371216841353
7	3	5	0	0.15456371216841353
3	7	0	6	3.216999173862976
7	3	0	6	-3.216999173862976
3	7	6	0	-3.216999173862976
7	3	6	0	3.216999173862976
3	7	0	7	1.0254144551541349
7	3	0	7	-1.0254144551541349
3	7	7	0	-1.0254144551541349
7	3	7	0	1.0254144551541349
3	7	1	2	1.9818929433734427
7	3	1	2	-1.9818929433734427
3	7	2	1	-1.9818929433734427
7	3	2	1	1.9818929433734427
3	7	1	3	1.3729974183310187
7	3	1	3	-1.3729974183310187
3	7	3	1	-1.3729974183310187
7	3	3	1	1.3729974183310187
3	7	1	4	0.6883583763947789
7	3	1	4	-0.6883583763947789
3	7	4	1	-0.6883583763947789
7	3	4	1	0.6883583763947789
3	7	1	5	10.273381491196345
7	3	1	5	-10.273381491196345
3	7	5	1	-10.273381491196345
7	3	5	1	10.273381491196345
3	7	1	6	2.999339231491292
7	3	1	6	-2.999339231491292
3	7	6	1	-2.999339231491292
7	3	6	1	2.999339231491292
3	7	1	7	1.2500179220142236
7	3	1	7	-1.2500179220142236
3	7	7	1	-1.2500179220142236
7	3	7	1	1.2500179220142236
3	7	2	3	3.941342353629814
7	3	2	3	-3.941342353629814
3	7	3	2	-3.941342353629814
7	3	3	2	3.941342353629814
3	7	2	4	7.931787363733158
7	3	2	4	-7.931787363733158
3	7	4	2	-7.931787363733158
7	3	4	2	7.931787363733158
3	7	2	5	4.992435273845253
7	3	2	5	-4.992435273845253
3	7	5	2	-4.992435273845253
7	3	5	2	4.992435273845253
3	7	2	6	3.573713559948038
7	3	2	6	-3.573713559948038
3	7	6	2	-3.573713559948038
7	3	6	2	3.573713559948038
3	7	2	7	3.4281156073031958
7	3	2	7	-3.4281156073031958
3	7	7	2	-3.4281156073031958
7	3	7	2	3.4281156073031958
3	7	3	4	3.7368568980928285
7	3	3	4	-3.7368568980928285
3	7	4	3	-3.7368568980928285
7	3	4	3	3.7368568980928285
3	7	3	5	2.9744874576566196
7	3	3	5	-2.9744874576566196
3	7	5	3	-2.9744874576566196
7	3	5	3	2.9744874576566196
3	7	3	6	9.811215352465366
7	3	3	6	-9.811215352465366
3	7	6	3	-9.811215352465366
7	3	6	3	9.811215352465366
3	7	3	7	4.755684908625087
7	3	3	7	-4.755684908625087
3	7	7	3	-4.755684908625087
7	3	7	3	4.755684908625087
3	7	4	5	1.7838671172162275
7	3	4	5	-1.7838671172162275
3	7	5	4	-1.7838671172162275
7	3	5	4	1.7838671172162275
3	7	4	6	1.5084021001681645
7	3	4	6	-1.5084021001681645
3	7	6	4	-1.5084021001681645
7	3	6	4	1.5084021001681645
3	7	4	7	2.2003463232803537
7	3	4	7	-2.2003463232803537
3	7	7	4	-2.2003463232803537
7	3	7	4	2.2003463232803537
3	7	5	6	1.0032542226746608
7	3	5	6	-1.0032542226746608
3	7	6	5	-1.0032542226746608
7	3	6	5	1.0032542226746608
3	7	5	7	2.490060926191403
7	3	5	7	-2.490060926191403
3	7	7	5	-2.490060926191403
7	3	7	5	2.490060926191403
3	7	6	7	2.0932254929908076
7	3	6	7	-2.0932254929908076
3	7	7	6	-2.0932254929908076
7	3	7	6	2.0932254929908076
4	5	0	1	2.764787514439401
5	4	0	1	-2.764787514439401
4	5	1	0	-2.764787514439401
5	4	1	0	2.764787514439401
4	5	0	2	1.8431916762929341
5	4	0	2	-1.8431916762929341
4	5	2	0	-1.8431916762929341
5	4	2	0	1.8431916762929341
4	5	0	3	1.1287197762657186
5	4	0	3	-1.1287197762657186
4	5	3	0	-1.1287197762657186
5	4	3	0	1.1287197762657186
4	5	0	4	0.6033260983517794
5	4	0	4	-0.6033260983517794
4	5	4	0	-0.6033260983517794
5	4	4	0	0.6033260983517794
4	5	0	5	0.24630684824434643
5	4	0	5	-0.24630684824434643
4	5	5	0	-0.24630684824434643
5	4	5	0	0.24630684824434643
4	5	0	6	3.527354657942358
5	4	0	6	-3.527354657942358
4	5	6	0	-3.527354657942358
5	4	6	0	3.527354657942358
4	5	0	7	0.9943559892438638
5	4	0	7	-0.9943559892438638
4	5	7	0	-0.9943559892438638
5	4	7	0	0.9943559892438638
4	5	1	2	2.5238941472785
5	4	1	2	-2.5238941472785
4	5	2	1	-2.5238941472785
5	4	2	1	2.5238941472785
4	5	1	3	1.9078846426143825
5	4	1	3	-1.9078846426143825
4	5	3	1	-1.9078846426143825
5	4	3	1	1.9078846426143825
4	5	1	4	1.2315342412217323
5	4	1	4	-1.2315342412217323
4	5	4	1	-1.2315342412217323
5	4	4	1	1.2315342412217323
4	5	1	5	14.479826360442704
5	4	1	5	-14.479826360442704
4	5	5	1	-14.479826360442704
5	4	5	1	14.479826360442704
4	5	1	6	2.7802438247714223
5	4	1	6	-2.7802438247714223
4	5	6	1	-2.7802438247714223
5	4	6	1	2.7802438247714223
4	5	1	7	1.440360449395543
5	4	1	7	-1.440360449395543
4	5	7	1	-1.440360449395543
5	4	7	1	1.440360449395543
4	5	2	3	4.926136964886929
5	4	2	3	-4.926136964886929
4	5	3	2	-4.926136964886929
5	4	3	2	4.926136964886929
4	5	2	4	11.447307855686295
5	4	2	4	-11.447307855686295
4	5	4	2	-11.447307855686295
5	4	4	2	11.447307855686295
4	5	2	5	6.772318657594311
5	4	2	5	-6.772318657594311
4	5	5	2	-6.772318657594311
5	4	5	2	6.772318657594311
4	5	2	6	4.7889214922653025
5	4	2	6	-4.7889214922653025
4	5	6	2	-4.7889214922653025
5	4	6	2	4.7889214922653025
4	5	2	7	4.3663314333174785
5	4	2	7	-4.3663314333174785
4	5	7	2	-4.3663314333174785
5	4	7	2	4.3663314333174785
4	5	3	4	5.047788294557
5	4	3	4	-5.047788294557
4	5	4	3	-5.047788294557
5	4	4	3	5.047788294557
4	5	3	5	3.6863833525858682
5	4	3	5	-3.6863833525858682
4	5	5	3	-3.6863833525858682
5	4	5	3	3.6863833525858682
4	5	3	6	11.107475454445018
5	4	3	6	-11.107475454445018
4	5	6	3	-11.107475454445018
5	4	6	3	11.107475454445018
4	5	3	7	5.90830308263115
5	4	3	7	-5.90830308263115
4	5	7	3	-5.90830308263115
5	4	7	3	5.90830308263115
4	5	4	5	2.764787514439401
5	4	4	5	-2.764787514439401
4	5	5	4	-2.764787514439401
5	4	5	4	2.764787514439401
4	5	4	6	1.4308254410459822
5	4	4	6	-1.4308254410459822
4	5	6	4	-1.4308254410459822
5	4	6	4	1.4308254410459822
4	5	4	7	1.6233366396224072
5	4	4	7	-1.6233366396224072
4	5	7	4	-1.6233366396224072
5	4	7	4	1.6233366396224072
4	5	5	6	1.1954104843772493
5	4	5	6	-1.1954104843772493
4	5	6	5	-1.1954104843772493
5	4	6	5	1.1954104843772493
4	5	5	7	2.754790996073251
5	4	5	7	-2.754790996073251
4	5	7	5	-2.754790996073251
5	4	7	5	2.754790996073251
4	5	6	7	2.0413431420880417
5	4	6	7	-2.0413431420880417
4	5	7	6	-2.0413431420880417
5	4	7	6	2.0413431420880417
4	6	0	1	2.255185216233759
6	4	0	1	-2.255185216233759
4	6	1	0	-2.255185216233759
6	4	1	0	2.255185216233759
4	6	0	2	1.373174024359243
6	4	0	2	-1.373174024359243
4	6	2	0	-1.373174024359243
6	4	2	0	1.373174024359243
4	6	0	3	0.6446201248891845
6	4	0	3	-0.6446201248891845
4	6	3	0	-0.6446201248891845
6	4	3	0	0.6446201248891845
4	6	0	4	0.4023171965490454
6	4	0	4	-0.4023171965490454
4	6	4	0	-0.4023171965490454
6	4	4	0	0.4023171965490454
4	6	0	5	0.1840192101405226
6	4	0	5	-0.1840192101405226
4	6	5	0	-0.1840192101405226
6	4	5	0	0.1840192101405226
4	6	0	6	2.86402105525068
6	4	0	6	-2.86402105525068
4	6	6	0	-2.86402105525068
6	4	6	0	2.86402105525068
4	6	0	7	1.067237901894554
6	4	0	7	-1.067237901894554
4	6	7	0	-1.067237901894554
6	4	7	0	1.067237901894554
4	6	1	2	1.3845798696962655
6	4	1	2	-1.3845798696962655
4	6	2	1	-1.3845798696962655
6	4	2	1	1.3845798696962655
4	6	1	3	1.2398421436860314
6	4	1	3	-1.2398421436860314
4	6	3	1	-1.2398421436860314
6	4	3	1	1.2398421436860314
4	6	1	4	1.021478050432543
6	4	1	4	-1.021478050432543
4	6	4	1	-1.021478050432543
6	4	4	1	1.021478050432543
4	6	1	5	9.596211640574094
6	4	1	5	-9.596211640574094
4	6	5	1	-9.596211640574094
6	4	5	1	9.596211640574094
4	6	1	6	1.7607201880917638
6	4	1	6	-1.7607201880917638
4	6	6	1	-1.7607201880917638
6	4	6	1	1.7607201880917638
4	6	1	7	1.6145862195906469
6	4	1	7	-1.6145862195906469
4	6	7	1	-1.6145862195906469
6	4	7	1	1.6145862195906469
4	6	2	3	3.115047230545661
6	4	2	3	-3.115047230545661
4	6	3	2	-3.115047230545661
6	4	3	2	3.115047230545661
4	6	2	4	8.423319839498772
6	4	2	4	-8.423319839498772
4	6	4	2	-8.423319839498772
6	4	4	2	8.423319839498772
4	6	2	5	4.667239754322166
6	4	2	5	-4.667239754322166
4	6	5	2	-4.667239754322166
6	4	5	2	4.667239754322166
4	6	2	6	3.878601399368952
6	4	2	6	-3.878601399368952
4	6	6	2	-3.878601399368952
6	4	6	2	3.878601399368952
4	6	2	7	3.472927596555737
6	4	2	7	-3.472927596555737
4	6	7	2	-3.472927596555737
6	4	7	2	3.472927596555737
4	6	3	4	3.4013766065294107
6	4	3	4	-3.4013766065294107
4	6	4	3	-3.4013766065294107
6	4	4	3	3.4013766065294107
4	6	3	5	2.075176167956182
6	4	3	5	-2.075176167956182
4	6	5	3	-2.075176167956182
6	4	5	3	2.075176167956182
4	6	3	6	11.589130945341042
6	4	3	6	-11.589130945341042
4	6	6	3	-11.589130945341042
6	4	6	3	11.589130945341042
4	6	3	7	3.725145743977819
6	4	3	7	-3.725145743977819
4	6	7	3	-3.725145743977819
6	4	7	3	3.725145743977819
4	6	4	5	1.6130240676868939
6	4	4	5	-1.6130240676868939
4	6	5	4	-1.6130240676868939
6	4	5	4	1.6130240676868939
4	6	4	6	1.4481382329265469
6	4	4	6	-1.4481382329265469
4	6	6	4	-1.4481382329265469
6	4	6	4	1.4481382329265469
4	6	4	7	2.5279953280837253
6	4	4	7	-2.5279953280837253
4	6	7	4	-2.5279953280837253
6	4	7	4	2.5279953280837253
4	6	5	6	1.22564666406836
6	4	5	6	-1.22564666406836
4	6	6	5	-1.22564666406836
6	4	6	5	1.22564666406836
4	6	5	7	2.6197953595705816
6	4	5	7	-2.6197953595705816
4	6	7	5	-2.6197953595705816
6	4	7	5	2.6197953595705816
4	6	6	7	1.9234435575823845
6	4	6	7	-1.9234435575823845
4	6	7	6	-1.9234435575823845
6	4	7	6	1.9234435575823845
4	7	0	1	2.1710523274730957
7	4	0	1	-2.1710523274730957
4	7	1	0	-2.1710523274730957
7	4	1	0	2.1710523274730957
4	7	0	2	1.3388709730001882
7	4	0	2	-1.3388709730001882
4	7	2	0	-1.3388709730001882
7	4	2	0	1.3388709730001882
4	7	0	3	0.6309417509183289
7	4	0	3	-0.6309417509183289
4	7	3	0	-0.6309417509183289
7	4	3	0	0.6309417509183289
4	7	0	4	0.3598917123282285
7	4	0	4	-0.3598917123282285
4	7	4	0	-0.3598917123282285
7	4	4	0	0.3598917123282285
4	7	0	5	0.17707926569293403
7	4	0	5	-0.17707926569293403
4	7	5	0	-0.17707926569293403
7	4	5	0	0.17707926569293403
4	7	0	6	2.984002485756653
7	4	0	6	-2.984002485756653
4	7	6	0	-2.984002485756653
7	4	6	0	2.984002485756653
4	7	0	7	1.1741660292443608
7	4	0	7	-1.1741660292443608
4	7	7	0	-1.1741660292443608
7	4	7	0	1.1741660292443608
4	7	1	2	1.6830082113204798
7	4	1	2	-1.6830082113204798
4	7	2	1	-1.6830082113204798
7	4	2	1	1.6830082113204798
4	7	1	3	1.5295471451672298
7	4	1	3	-1.5295471451672298
4	7	3	1	-1.5295471451672298
7	4	3	1	1.5295471451672298
4	7	1	4	0.8277948568326413
7	4	1	4	-0.8277948568326413
4	7	4	1	-0.8277948568326413
7	4	4	1	0.8277948568326413
4	7	1	5	8.638138380812459
7	4	1	5	-8.638138380812459
4	7	5	1	-8.638138380812459
7	4	5	1	8.638138380812459
4	7	1	6	2.539055883242007
7	4	1	6	-2.539055883242007
4	7	6	1	-2.539055883242007
7	4	6	1	2.539055883242007
4	7	1	7	1.6134158352706676
7	4	1	7	-1.6134158352706676
4	7	7	1	-1.6134158352706676
7	4	7	1	1.6134158352706676
4	7	2	3	3.3207585847018075
7	4	2	3	-3.3207585847018075
4	7	3	2	-3.3207585847018075
7	4	3	2	3.3207585847018075
4	7	2	4	7.971452118881588
7	4	2	4	-7.971452118881588
4	7	4	2	-7.971452118881588
7	4	4	2	7.971452118881588
4	7	2	5	4.673546373135642
7	4	2	5	-4.673546373135642
4	7	5	2	-4.673546373135642
7	4	5	2	4.673546373135642
4	7	2	6	4.366434060671987
7	4	2	6	-4.366434060671987
4	7	6	2	-4.366434060671987
7	4	6	2	4.366434060671987
4	7	2	7	3.1813316359969095
7	4	2	7	-3.1813316359969095
4	7	7	2	-3.1813316359969095
7	4	7	2	3.1813316359969095
4	7	3	4	3.285461805908583
7	4	3	4	-3.285461805908583
4	7	4	3	-3.285461805908583
7	4	4	3	3.285461805908583
4	7	3	5	2.2920086864256852
7	4	3	5	-2.2920086864256852
4	7	5	3	-2.2920086864256852
7	4	5	3	2.2920086864256852
4	7	3	6	11.452718099040755
7	4	3	6	-11.452718099040755
4	7	6	3	-11.452718099040755
7	4	6	3	11.452718099040755
4	7	3	7	5.343035518424456
7	4	3	7	-5.343035518424456
4	7	7	3	-5.343035518424456
7	4	7	3	5.343035518424456
4	7	4	5	2.028494026307544
7	4	4	5	-2.028494026307544
4	7	5	4	-2.028494026307544
7	4	5	4	2.028494026307544
4	7	4	6	1.588630099085507
7	4	4	6	-1.588630099085507
4	7	6	4	-1.588630099085507
7	4	6	4	1.588630099085507
4	7	4	7	2.131594342438545
7	4	4	7	-2.131594342438545
4	7	7	4	-2.131594342438545
7	4	7	4	2.131594342438545
4	7	5	6	0.9993800682070383
7	4	5	6	-0.9993800682070383
4	7	6	5	-0.9993800682070383
7	4	6	5	0.9993800682070383
4	7	5	7	2.5676261223091394
7	4	5	7	-2.5676261223091394
4	7	7	5	-2.5676261223091394
7	4	7	5	2.5676261223091394
4	7	6	7	1.9445749499180083
7	4	6	7	-1.9445749499180083
4	7	7	6	-1.9445749499180083
7	4	7	6	1.9445749499180083
5	6	0	1	1.634779483224777
6	5	0	1	-1.634779483224777
5	6	1	0	-1.634779483224777
6	5	1	0	1.634779483224777
5	6	0	2	1.3601415128937782
6	5	0	2	-1.3601415128937782
5	6	2	0	-1.3601415128937782
6	5	2	0	1.3601415128937782
5	6	0	3	0.9021630337006782
6	5	0	3	-0.9021630337006782
5	6	3	0	-0.9021630337006782
6	5	3	0	0.9021630337006782
5	6	0	4	0.4551609810035112
6	5	0	4	-0.4551609810035112
5	6	4	0	-0.4551609810035112
6	5	4	0	0.4551609810035112
5	6	0	5	0.16029637634524455
6	5	0	5	-0.16029637634524455
5	6	5	0	-0.16029637634524455
6	5	5	0	0.16029637634524455
5	6	0	6	2.778536266054846
6	5	0	6	-2.778536266054846
5	6	6	0	-2.778536266054846
6	5	6	0	2.778536266054846
5	6	0	7	1.0381939004123726
6	5	0	7	-1.0381939004123726
5	6	7	0	-1.0381939004123726
6	5	7	0	1.0381939004123726
5	6	1	2	1.531007994513697
6	5	1	2	-1.531007994513697
5	6	2	1	-1.531007994513697
6	5	2	1	1.531007994513697
5	6	1	3	1.2268389435213676
6	5	1	3	-1.2268389435213676
5	6	3	1	-1.2268389435213676
6	5	3	1	1.2268389435213676
5	6	1	4	0.7480604131420505
6	5	1	4	-0.7480604131420505
5	6	4	1	-0.7480604131420505
6	5	4	1	0.7480604131420505
5	6	1	5	11.72704839048946
6	5	1	5	-11.72704839048946
5	6	5	1	-11.72704839048946
6	5	5	1	11.72704839048946
5	6	1	6	2.606590473324493
6	5	1	6	-2.606590473324493
5	6	6	1	-2.606590473324493
6	5	6	1	2.606590473324493
5	6	1	7	1.4592967183978047
6	5	1	7	-1.4592967183978047
5	6	7	1	-1.4592967183978047
6	5	7	1	1.4592967183978047
5	6	2	3	2.851275783917248
6	5	2	3	-2.851275783917248
5	6	3	2	-2.851275783917248
6	5	3	2	2.851275783917248
5	6	2	4	7.516095938602368
6	5	2	4	-7.516095938602368
5	6	4	2	-7.516095938602368
6	5	4	2	7.516095938602368
5	6	2	5	4.330669810936639
6	5	2	5	-4.330669810936639
5	6	5	2	-4.330669810936639
6	5	5	2	4.330669810936639
5	6	2	6	4.229524084306683
6	5	2	6	-4.229524084306683
5	6	6	2	-4.229524084306683
6	5	6	2	4.229524084306683
5	6	2	7	3.665830658765489
6	5	2	7	-3.665830658765489
5	6	7	2	-3.665830658765489
6	5	7	2	3.665830658765489
5	6	3	4	2.7235870225748378
6	5	3	4	-2.7235870225748378
5	6	4	3	-2.7235870225748378
6	5	4	3	2.7235870225748378
5	6	3	5	2.0496189027445455
6	5	3	5	-2.0496189027445455
5	6	5	3	-2.0496189027445455
6	5	5	3	2.0496189027445455
5	6	3	6	13.997823224602072
6	5	3	6	-13.997823224602072
5	6	6	3	-13.997823224602072
6	5	6	3	13.997823224602072
5	6	3	7	3.889802989004973
6	5	3	7	-3.889802989004973
5	6	7	3	-3.889802989004973
6	5	7	3	3.889802989004973
5	6	4	5	1.7196603579746874
6	5	4	5	-1.7196603579746874
5	6	5	4	-1.7196603579746874
6	5	5	4	1.7196603579746874
5	6	4	6	1.4169018751904792
6	5	4	6	-1.4169018751904792
5	6	6	4	-1.4169018751904792
6	5	6	4	1.4169018751904792
5	6	4	7	1.966880950835311
6	5	4	7	-1.966880950835311
5	6	7	4	-1.966880950835311
6	5	7	4	1.966880950835311
5	6	5	6	1.3758882528840626
6	5	5	6	-1.3758882528840626
5	6	6	5	-1.3758882528840626
6	5	6	5	1.3758882528840626
5	6	5	7	3.075571387401338
6	5	5	7	-3.075571387401338
5	6	7	5	-3.075571387401338
6	5	7	5	3.075571387401338
5	6	6	7	1.8892497899470395
6	5	6	7	-1.8892497899470395
5	6	7	6	-1.8892497899470395
6	5	7	6	1.8892497899470395
5	7	0	1	2.0690867224259604
7	5	0	1	-2.0690867224259604
5	7	1	0	-2.0690867224259604
7	5	1	0	2.0690867224259604
5	7	0	2	1.2415659481491903
7	5	0	2	-1.2415659481491903
5	7	2	0	-1.2415659481491903
7	5	2	0	1.2415659481491903
5	7	0	3	0.6535447329430254
7	5	0	3	-0.6535447329430254
5	7	3	0	-0.6535447329430254
7	5	3	0	0.6535447329430254
5	7	0	4	0.418211370350251
7	5	0	4	-0.418211370350251
5	7	4	0	-0.418211370350251
7	5	4	0	0.418211370350251
5	7	0	5	0.20225639630024686
7	5	0	5	-0.20225639630024686
5	7	5	0	-0.20225639630024686
7	5	5	0	0.20225639630024686
5	7	0	6	3.101499239653136
7	5	0	6	-3.101499239653136
5	7	6	0	-3.101499239653136
7	5	6	0	3.101499239653136
5	7	0	7	0.8911682795838475
7	5	0	7	-0.8911682795838475
5	7	7	0	-0.8911682795838475
7	5	7	0	0.8911682795838475
5	7	1	2	1.572077149248021
7	5	1	2	-1.572077149248021
5	7	2	1	-1.572077149248021
7	5	2	1	1.572077149248021
5	7	1	3	1.2788011575521778
7	5	1	3	-1.2788011575521778
5	7	3	1	-1.2788011575521778
7	5	3	1	1.2788011575521778
5	7	1	4	0.8163822112943436
7	5	1	4	-0.8163822112943436
5	7	4	1	-0.8163822112943436
7	5	4	1	0.8163822112943436
5	7	1	5	7.3141831620607025
7	5	1	5	-7.3141831620607025
5	7	5	1	-7.3141831620607025
7	5	5	1	7.3141831620607025
5	7	1	6	2.196362018097882
7	5	1	6	-2.196362018097882
5	7	6	1	-2.196362018097882
7	5	6	1	2.196362018097882
5	7	1	7	1.5207741458260995
7	5	1	7	-1.5207741458260995
5	7	7	1	-1.5207741458260995
7	5	7	1	1.5207741458260995
5	7	2	3	3.013066043726467
7	5	2	3	-3.013066043726467
5	7	3	2	-3.013066043726467
7	5	3	2	3.013066043726467
5	7	2	4	8.631491632156216
7	5	2	4	-8.631491632156216
5	7	4	2	-8.631491632156216
7	5	4	2	8.631491632156216
5	7	2	5	4.41265139009403
7	5	2	5	-4.41265139009403
5	7	5	2	-4.41265139009403
7	5	5	2	4.41265139009403
5	7	2	6	4.467670489972587
7	5	2	6	-4.467670489972587
5	7	6	2	-4.467670489972587
7	5	6	2	4.467670489972587
5	7	2	7	5.023688678300167
7	5	2	7	-5.023688678300167
5	7	7	2	-5.023688678300167
7	5	7	2	5.023688678300167
5	7	3	4	3.9430973838070216
7	5	3	4	-3.9430973838070216
5	7	4	3	-3.9430973838070216
7	5	4	3	3.9430973838070216
5	7	3	5	2.431717184740666
7	5	3	5	-2.431717184740666
5	7	5	3	-2.431717184740666
7	5	5	3	2.431717184740666
5	7	3	6	10.479380636890575
7	5	3	6	-10.479380636890575
5	7	6	3	-10.479380636890575
7	5	6	3	10.479380636890575
5	7	3	7	4.3137084457882775
7	5	3	7	-4.3137084457882775
5	7	7	3	-4.3137084457882775
7	5	7	3	4.3137084457882775
5	7	4	5	1.985687339500427
7	5	4	5	-1.985687339500427
5	7	5	4	-1.985687339500427
7	5	5	4	1.985687339500427
5	7	4	6	1.453639281938224
7	5	4	6	-1.453639281938224
5	7	6	4	-1.453639281938224
7	5	6	4	1.453639281938224
5	7	4	7	1.970906306622579
7	5	4	7	-1.970906306622579
5	7	7	4	-1.970906306622579
7	5	7	4	1.970906306622579
5	7	5	6	0.9944486250152936
7	5	5	6	-0.9944486250152936
5	7	6	5	-0.9944486250152936
7	5	6	5	0.9944486250152936
5	7	5	7	2.3853256421327824
7	5	5	7	-2.3853256421327824
5	7	7	5	-2.3853256421327824
7	5	7	5	2.3853256421327824
5	7	6	7	1.7897036305043559
7	5	6	7	-1.7897036305043559
5	7	7	6	-1.7897036305043559
7	5	7	6	1.7897036305043559
6	7	0	1	2.179506396709225
7	6	0	1	-2.179506396709225
6	7	1	0	-2.179506396709225
7	6	1	0	2.179506396709225
6	7	0	2	1.3719396999030213
7	6	0	2	-1.3719396999030213
6	7	2	0	-1.3719396999030213
7	6	2	0	1.3719396999030213
6	7	0	3	0.7541002723442619
7	6	0	3	-0.7541002723442619
6	7	3	0	-0.7541002723442619
7	6	3	0	0.7541002723442619
6	7	0	4	0.4920174041103992
7	6	0	4	-0.4920174041103992
6	7	4	0	-0.4920174041103992
7	6	4	0	0.4920174041103992
6	7	0	5	0.15676128668983813
7	6	0	5	-0.15676128668983813
6	7	5	0	-0.15676128668983813
7	6	5	0	0.15676128668983813
6	7	0	6	2.670675143035984
7	6	0	6	-2.670675143035984
6	7	6	0	-2.670675143035984
7	6	6	0	2.670675143035984
6	7	0	7	1.2994400984662178
7	6	0	7	-1.2994400984662178
6	7	7	0	-1.2994400984662178
7	6	7	0	1.2994400984662178
6	7	1	2	1.9338145829095026
7	6	1	2	-1.9338145829095026
6	7	2	1	-1.9338145829095026
7	6	2	1	1.9338145829095026
6	7	1	3	1.2245936062045717
7	6	1	3	-1.2245936062045717
6	7	3	1	-1.2245936062045717
7	6	3	1	1.2245936062045717
6	7	1	4	0.8716125865538025
7	6	1	4	-0.8716125865538025
6	7	4	1	-0.8716125865538025
7	6	4	1	0.8716125865538025
6	7	1	5	9.048643548739916
7	6	1	5	-9.048643548739916
6	7	5	1	-9.048643548739916
7	6	5	1	9.048643548739916
6	7	1	6	2.674677927106418
7	6	1	6	-2.674677927106418
6	7	6	1	-2.674677927106418
7	6	6	1	2.674677927106418
6	7	1	7	1.5133881728121095
7	6	1	7	-1.5133881728121095
6	7	7	1	-1.5133881728121095
7	6	7	1	1.5133881728121095
6	7	2	3	3.8980613463089817
7	6	2	3	-3.8980613463089817
6	7	3	2	-3.8980613463089817
7	6	3	2	3.8980613463089817
6	7	2	4	7.433243765280398
7	6	2	4	-7.433243765280398
6	7	4	2	-7.433243765280398
7	6	4	2	7.433243765280398
6	7	2	5	4.120006993895372
7	6	2	5	-4.120006993895372
6	7	5	2	-4.120006993895372
7	6	5	2	4.120006993895372
6	7	2	6	3.868094149206033
7	6	2	6	-3.868094149206033
6	7	6	2	-3.868094149206033
7	6	6	2	3.868094149206033
6	7	2	7	4.340988125054499
7	6	2	7	-4.340988125054499
6	7	7	2	-4.340988125054499
7	6	7	2	4.340988125054499
6	7	3	4	3.9010711779240648
7	6	3	4	-3.9010711779240648
6	7	4	3	-3.9010711779240648
7	6	4	3	3.9010711779240648
6	7	3	5	2.3422282111903954
7	6	3	5	-2.3422282111903954
6	7	5	3	-2.3422282111903954
7	6	5	3	2.3422282111903954
6	7	3	6	12.733866660355346
7	6	3	6	-12.733866660355346
6	7	6	3	-12.733866660355346
7	6	6	3	12.733866660355346
6	7	3	7	5.097467740315598
7	6	3	7	-5.097467740315598
6	7	7	3	-5.097467740315598
7	6	7	3	5.097467740315598
6	7	4	5	2.158334787000448
7	6	4	5	-2.158334787000448
6	7	5	4	-2.158334787000448
7	6	5	4	2.158334787000448
6	7	4	6	1.707319750115639
7	6	4	6	-1.707319750115639
6	7	6	4	-1.707319750115639
7	6	6	4	1.707319750115639
6	7	4	7	2.4496043140312374
7	6	4	7	-2.4496043140312374
6	7	7	4	-2.4496043140312374
7	6	7	4	2.4496043140312374
6	7	5	6	1.3323178128695554
7	6	5	6	-1.3323178128695554
6	7	6	5	-1.3323178128695554
7	6	6	5	1.3323178128695554
6	7	5	7	1.8072639060476663
7	6	5	7	-1.8072639060476663
6	7	7	5	-1.8072639060476663
7	6	7	5	1.8072639060476663
6	7	6	7	1.0323759005323594
7	6	6	7	-1.0323759005323594
6	7	7	6	-1.0323759005323594
7	6	7	6	1.0323759005323594
