0	1	0	1	4.928654114645338
1	0	0	1	-4.928654114645338
0	1	1	0	-4.928654114645338
1	0	1	0	4.928654114645338
0	1	0	2	6.482183998529627
1	0	0	2	-6.482183998529627
0	1	2	0	-6.482183998529627
1	0	2	0	6.482183998529627
0	1	0	3	6.1018288832978325
1	0	0	3	-6.1018288832978325
0	1	3	0	-6.1018288832978325
1	0	3	0	6.1018288832978325
0	1	0	4	8.951664451472768
1	0	0	4	-8.951664451472768
0	1	4	0	-8.951664451472768
1	0	4	0	8.951664451472768
0	1	0	5	10.34314414744683
1	0	0	5	-10.34314414744683
0	1	5	0	-10.34314414744683
1	0	5	0	10.34314414744683
0	1	0	6	2.7035473769433955
1	0	0	6	-2.7035473769433955
0	1	6	0	-2.7035473769433955
1	0	6	0	2.7035473769433955
0	1	0	7	3.4500602357328725
1	0	0	7	-3.4500602357328725
0	1	7	0	-3.4500602357328725
1	0	7	0	3.4500602357328725
0	1	1	2	0.9112629354920154
1	0	1	2	-0.9112629354920154
0	1	2	1	-0.9112629354920154
1	0	2	1	0.9112629354920154
0	1	1	3	1.8093012237685002
1	0	1	3	-1.8093012237685002
0	1	3	1	-1.8093012237685002
1	0	3	1	1.8093012237685002
0	1	1	4	2.462116992590668
1	0	1	4	-2.462116992590668
0	1	4	1	-2.462116992590668
1	0	4	1	2.462116992590668
0	1	1	5	0.0
1	0	1	5	-0.0
0	1	5	1	-0.0
1	0	5	1	0.0
0	1	1	6	1.2142105938070085
1	0	1	6	-1.2142105938070085
0	1	6	1	-1.2142105938070085
1	0	6	1	1.2142105938070085
0	1	1	7	4.014612556207091
1	0	1	7	-4.014612556207091
0	1	7	1	-4.014612556207091
1	0	7	1	4.014612556207091
0	1	2	3	12.518982801780933
1	0	2	3	-12.518982801780933
0	1	3	2	-12.518982801780933
1	0	3	2	12.518982801780933
0	1	2	4	0.0
1	0	2	4	-0.0
0	1	4	2	-0.0
1	0	4	2	0.0
0	1	2	5	0.0
1	0	2	5	-0.0
0	1	5	2	-0.0
1	0	5	2	0.0
0	1	2	6	3.2584077185369282
1	0	2	6	-3.2584077185369282
0	1	6	2	-3.2584077185369282
1	0	6	2	3.2584077185369282
0	1	2	7	6.354307416309129
1	0	2	7	-6.354307416309129
0	1	7	2	-6.354307416309129
1	0	7	2	6.354307416309129
0	1	3	4	0.0
1	0	3	4	-0.0
0	1	4	3	-0.0
1	0	4	3	0.0
0	1	3	5	0.0
1	0	3	5	-0.0
0	1	5	3	-0.0
1	0	5	3	0.0
0	1	3	6	6.846857558079283
1	0	3	6	-6.846857558079283
0	1	6	3	-6.846857558079283
1	0	6	3	6.846857558079283
0	1	3	7	0.0
1	0	3	7	-0.0
0	1	7	3	-0.0
1	0	7	3	0.0
0	1	4	5	0.0
1	0	4	5	-0.0
0	1	5	4	-0.0
1	0	5	4	0.0
0	1	4	6	0.0
1	0	4	6	-0.0
0	1	6	4	-0.0
1	0	6	4	0.0
0	1	4	7	0.0
1	0	4	7	-0.0
0	1	7	4	-0.0
1	0	7	4	0.0
0	1	5	6	0.0
1	0	5	6	-0.0
0	1	6	5	-0.0
1	0	6	5	0.0
0	1	5	7	0.0
1	0	5	7	-0.0
0	1	7	5	-0.0
1	0	7	5	0.0
0	1	6	7	2.8392373444895336
1	0	6	7	-2.8392373444895336
0	1	7	6	-2.8392373444895336
1	0	7	6	2.8392373444895336
0	2	0	1	6.186543313892745
2	0	0	1	-6.186543313892745
0	2	1	0	-6.186543313892745
2	0	1	0	6.186543313892745
0	2	0	2	7.271257136201314
2	0	0	2	-7.271257136201314
0	2	2	0	-7.271257136201314
2	0	2	0	7.271257136201314
0	2	0	3	5.198330766429412
2	0	0	3	-5.198330766429412
0	2	3	0	-5.198330766429412
2	0	3	0	5.198330766429412
0	2	0	4	6.007195401035966
2	0	0	4	-6.007195401035966
0	2	4	0	-6.007195401035966
2	0	4	0	6.007195401035966
0	2	0	5	7.8694781145125985
2	0	0	5	-7.8694781145125985
0	2	5	0	-7.8694781145125985
2	0	5	0	7.8694781145125985
0	2	0	6	2.348961947545327
2	0	0	6	-2.348961947545327
0	2	6	0	-2.348961947545327
2	0	6	0	2.348961947545327
0	2	0	7	3.6275750643379014
2	0	0	7	-3.6275750643379014
0	2	7	0	-3.6275750643379014
2	0	7	0	3.6275750643379014
0	2	1	2	0.7783457206860698
2	0	1	2	-0.7783457206860698
0	2	2	1	-0.7783457206860698
2	0	2	1	0.7783457206860698
0	2	1	3	1.6710882973613101
2	0	1	3	-1.6710882973613101
0	2	3	1	-1.6710882973613101
2	0	3	1	1.6710882973613101
0	2	1	4	2.2072908899768433
2	0	1	4	-2.2072908899768433
0	2	4	1	-2.2072908899768433
2	0	4	1	2.2072908899768433
0	2	1	5	0.0
2	0	1	5	-0.0
0	2	5	1	-0.0
2	0	5	1	0.0
0	2	1	6	1.255087141441693
2	0	1	6	-1.255087141441693
0	2	6	1	-1.255087141441693
2	0	6	1	1.255087141441693
0	2	1	7	4.042495151357771
2	0	1	7	-4.042495151357771
0	2	7	1	-4.042495151357771
2	0	7	1	4.042495151357771
0	2	2	3	6.406690607411945
2	0	2	3	-6.406690607411945
0	2	3	2	-6.406690607411945
2	0	3	2	6.406690607411945
0	2	2	4	0.0
2	0	2	4	-0.0
0	2	4	2	-0.0
2	0	4	2	0.0
0	2	2	5	0.0
2	0	2	5	-0.0
0	2	5	2	-0.0
2	0	5	2	0.0
0	2	2	6	2.958266513618203
2	0	2	6	-2.958266513618203
0	2	6	2	-2.958266513618203
2	0	6	2	2.958266513618203
0	2	2	7	7.7907401181900156
2	0	2	7	-7.7907401181900156
0	2	7	2	-7.7907401181900156
2	0	7	2	7.7907401181900156
0	2	3	4	0.0
2	0	3	4	-0.0
0	2	4	3	-0.0
2	0	4	3	0.0
0	2	3	5	0.0
2	0	3	5	-0.0
0	2	5	3	-0.0
2	0	5	3	0.0
0	2	3	6	7.218534825208623
2	0	3	6	-7.218534825208623
0	2	6	3	-7.218534825208623
2	0	6	3	7.218534825208623
0	2	3	7	0.0
2	0	3	7	-0.0
0	2	7	3	-0.0
2	0	7	3	0.0
0	2	4	5	0.0
2	0	4	5	-0.0
0	2	5	4	-0.0
2	0	5	4	0.0
0	2	4	6	0.0
2	0	4	6	-0.0
0	2	6	4	-0.0
2	0	6	4	0.0
0	2	4	7	0.0
2	0	4	7	-0.0
0	2	7	4	-0.0
2	0	7	4	0.0
0	2	5	6	0.0
2	0	5	6	-0.0
0	2	6	5	-0.0
2	0	6	5	0.0
0	2	5	7	0.0
2	0	5	7	-0.0
0	2	7	5	-0.0
2	0	7	5	0.0
0	2	6	7	4.765659559519522
2	0	6	7	-4.765659559519522
0	2	7	6	-4.765659559519522
2	0	7	6	4.765659559519522
0	3	0	1	5.85009518506501
3	0	0	1	-5.85009518506501
0	3	1	0	-5.85009518506501
3	0	1	0	5.85009518506501
0	3	0	2	6.534252633295864
3	0	0	2	-6.534252633295864
0	3	2	0	-6.534252633295864
3	0	2	0	6.534252633295864
0	3	0	3	8.094727318897897
3	0	0	3	-8.094727318897897
0	3	3	0	-8.094727318897897
3	0	3	0	8.094727318897897
0	3	0	4	9.183832518722413
3	0	0	4	-9.183832518722413
0	3	4	0	-9.183832518722413
3	0	4	0	9.183832518722413
0	3	0	5	8.634611129759257
3	0	0	5	-8.634611129759257
0	3	5	0	-8.634611129759257
3	0	5	0	8.634611129759257
0	3	0	6	2.9803702076444694
3	0	0	6	-2.9803702076444694
0	3	6	0	-2.9803702076444694
3	0	6	0	2.9803702076444694
0	3	0	7	3.706439585597063
3	0	0	7	-3.706439585597063
0	3	7	0	-3.706439585597063
3	0	7	0	3.706439585597063
0	3	1	2	0.9505137132228864
3	0	1	2	-0.9505137132228864
0	3	2	1	-0.9505137132228864
3	0	2	1	0.9505137132228864
0	3	1	3	1.5269924572778215
3	0	1	3	-1.5269924572778215
0	3	3	1	-1.5269924572778215
3	0	3	1	1.5269924572778215
0	3	1	4	2.9580106243896633
3	0	1	4	-2.9580106243896633
0	3	4	1	-2.9580106243896633
3	0	4	1	2.9580106243896633
0	3	1	5	0.0
3	0	1	5	-0.0
0	3	5	1	-0.0
3	0	5	1	0.0
0	3	1	6	1.1557607892537007
3	0	1	6	-1.1557607892537007
0	3	6	1	-1.1557607892537007
3	0	6	1	1.1557607892537007
0	3	1	7	3.382591289639798
3	0	1	7	-3.382591289639798
0	3	7	1	-3.382591289639798
3	0	7	1	3.382591289639798
0	3	2	3	9.321041385202173
3	0	2	3	-9.321041385202173
0	3	3	2	-9.321041385202173
3	0	3	2	9.321041385202173
0	3	2	4	0.0
3	0	2	4	-0.0
0	3	4	2	-0.0
3	0	4	2	0.0
0	3	2	5	0.0
3	0	2	5	-0.0
0	3	5	2	-0.0
3	0	5	2	0.0
0	3	2	6	3.2269411222890287
3	0	2	6	-3.2269411222890287
0	3	6	2	-3.2269411222890287
3	0	6	2	3.2269411222890287
0	3	2	7	8.785411300370171
3	0	2	7	-8.785411300370171
0	3	7	2	-8.785411300370171
3	0	7	2	8.785411300370171
0	3	3	4	0.0
3	0	3	4	-0.0
0	3	4	3	-0.0
3	0	4	3	0.0
0	3	3	5	0.0
3	0	3	5	-0.0
0	3	5	3	-0.0
3	0	5	3	0.0
0	3	3	6	7.541694915616449
3	0	3	6	-7.541694915616449
0	3	6	3	-7.541694915616449
3	0	6	3	7.541694915616449
0	3	3	7	0.0
3	0	3	7	-0.0
0	3	7	3	-0.0
3	0	7	3	0.0
0	3	4	5	0.0
3	0	4	5	-0.0
0	3	5	4	-0.0
3	0	5	4	0.0
0	3	4	6	0.0
3	0	4	6	-0.0
0	3	6	4	-0.0
3	0	6	4	0.0
0	3	4	7	0.0
3	0	4	7	-0.0
0	3	7	4	-0.0
3	0	7	4	0.0
0	3	5	6	0.0
3	0	5	6	-0.0
0	3	6	5	-0.0
3	0	6	5	0.0
0	3	5	7	0.0
3	0	5	7	-0.0
0	3	7	5	-0.0
3	0	7	5	0.0
0	3	6	7	4.24362024947324
3	0	6	7	-4.24362024947324
0	3	7	6	-4.24362024947324
3	0	7	6	4.24362024947324
0	4	0	1	4.796729833937071
4	0	0	1	-4.796729833937071
0	4	1	0	-4.796729833937071
4	0	1	0	4.796729833937071
0	4	0	2	5.9453146308957265
4	0	0	2	-5.9453146308957265
0	4	2	0	-5.9453146308957265
4	0	2	0	5.9453146308957265
0	4	0	3	9.531364572122184
4	0	0	3	-9.531364572122184
0	4	3	0	-9.531364572122184
4	0	3	0	9.531364572122184
0	4	0	4	8.111684129903354
4	0	0	4	-8.111684129903354
0	4	4	0	-8.111684129903354
4	0	4	0	8.111684129903354
0	4	0	5	8.488977838305699
4	0	0	5	-8.488977838305699
0	4	5	0	-8.488977838305699
4	0	5	0	8.488977838305699
0	4	0	6	2.4847740282402855
4	0	0	6	-2.4847740282402855
0	4	6	0	-2.4847740282402855
4	0	6	0	2.4847740282402855
0	4	0	7	3.719803915704834
4	0	0	7	-3.719803915704834
0	4	7	0	-3.719803915704834
4	0	7	0	3.719803915704834
0	4	1	2	0.8266628133239484
4	0	1	2	-0.8266628133239484
0	4	2	1	-0.8266628133239484
4	0	2	1	0.8266628133239484
0	4	1	3	1.4231238409336757
4	0	1	3	-1.4231238409336757
0	4	3	1	-1.4231238409336757
4	0	3	1	1.4231238409336757
0	4	1	4	3.6545745220836454
4	0	1	4	-3.6545745220836454
0	4	4	1	-3.6545745220836454
4	0	4	1	3.6545745220836454
0	4	1	5	0.0
4	0	1	5	-0.0
0	4	5	1	-0.0
4	0	5	1	0.0
0	4	1	6	1.2454877204628352
4	0	1	6	-1.2454877204628352
0	4	6	1	-1.2454877204628352
4	0	6	1	1.2454877204628352
0	4	1	7	3.363243806647206
4	0	1	7	-3.363243806647206
0	4	7	1	-3.363243806647206
4	0	7	1	3.363243806647206
0	4	2	3	8.778341335911438
4	0	2	3	-8.778341335911438
0	4	3	2	-8.778341335911438
4	0	3	2	8.778341335911438
0	4	2	4	0.0
4	0	2	4	-0.0
0	4	4	2	-0.0
4	0	4	2	0.0
0	4	2	5	0.0
4	0	2	5	-0.0
0	4	5	2	-0.0
4	0	5	2	0.0
0	4	2	6	2.961350634467642
4	0	2	6	-2.961350634467642
0	4	6	2	-2.961350634467642
4	0	6	2	2.961350634467642
0	4	2	7	6.78996529267788
4	0	2	7	-6.78996529267788
0	4	7	2	-6.78996529267788
4	0	7	2	6.78996529267788
0	4	3	4	0.0
4	0	3	4	-0.0
0	4	4	3	-0.0
4	0	4	3	0.0
0	4	3	5	0.0
4	0	3	5	-0.0
0	4	5	3	-0.0
4	0	5	3	0.0
0	4	3	6	9.580803560886503
4	0	3	6	-9.580803560886503
0	4	6	3	-9.580803560886503
4	0	6	3	9.580803560886503
0	4	3	7	0.0
4	0	3	7	-0.0
0	4	7	3	-0.0
4	0	7	3	0.0
0	4	4	5	0.0
4	0	4	5	-0.0
0	4	5	4	-0.0
4	0	5	4	0.0
0	4	4	6	0.0
4	0	4	6	-0.0
0	4	6	4	-0.0
4	0	6	4	0.0
0	4	4	7	0.0
4	0	4	7	-0.0
0	4	7	4	-0.0
4	0	7	4	0.0
0	4	5	6	0.0
4	0	5	6	-0.0
0	4	6	5	-0.0
4	0	6	5	0.0
0	4	5	7	0.0
4	0	5	7	-0.0
0	4	7	5	-0.0
4	0	7	5	0.0
0	4	6	7	3.6880204906875393
4	0	6	7	-3.6880204906875393
0	4	7	6	-3.6880204906875393
4	0	7	6	3.6880204906875393
0	5	0	1	5.7116150929810265
5	0	0	1	-5.7116150929810265
0	5	1	0	-5.7116150929810265
5	0	1	0	5.7116150929810265
0	5	0	2	6.173071014425822
5	0	0	2	-6.173071014425822
0	5	2	0	-6.173071014425822
5	0	2	0	6.173071014425822
0	5	0	3	7.312584919607401
5	0	0	3	-7.312584919607401
0	5	3	0	-7.312584919607401
5	0	3	0	7.312584919607401
0	5	0	4	6.717441550038021
5	0	0	4	-6.717441550038021
0	5	4	0	-6.717441550038021
5	0	4	0	6.717441550038021
0	5	0	5	7.988755364967842
5	0	0	5	-7.988755364967842
0	5	5	0	-7.988755364967842
5	0	5	0	7.988755364967842
0	5	0	6	2.7040521427075213
5	0	0	6	-2.7040521427075213
0	5	6	0	-2.7040521427075213
5	0	6	0	2.7040521427075213
0	5	0	7	3.889311868952243
5	0	0	7	-3.889311868952243
0	5	7	0	-3.889311868952243
5	0	7	0	3.889311868952243
0	5	1	2	0.9338553388488378
5	0	1	2	-0.9338553388488378
0	5	2	1	-0.9338553388488378
5	0	2	1	0.9338553388488378
0	5	1	3	1.8546457252431632
5	0	1	3	-1.8546457252431632
0	5	3	1	-1.8546457252431632
5	0	3	1	1.8546457252431632
0	5	1	4	2.4090673813467967
5	0	1	4	-2.4090673813467967
0	5	4	1	-2.4090673813467967
5	0	4	1	2.4090673813467967
0	5	1	5	0.0
5	0	1	5	-0.0
0	5	5	1	-0.0
5	0	5	1	0.0
0	5	1	6	1.5790061939634827
5	0	1	6	-1.5790061939634827
0	5	6	1	-1.5790061939634827
5	0	6	1	1.5790061939634827
0	5	1	7	3.9681364101669714
5	0	1	7	-3.9681364101669714
0	5	7	1	-3.9681364101669714
5	0	7	1	3.9681364101669714
0	5	2	3	11.432385134429188
5	0	2	3	-11.432385134429188
0	5	3	2	-11.432385134429188
5	0	3	2	11.432385134429188
0	5	2	4	0.0
5	0	2	4	-0.0
0	5	4	2	-0.0
5	0	4	2	0.0
0	5	2	5	0.0
5	0	2	5	-0.0
0	5	5	2	-0.0
5	0	5	2	0.0
0	5	2	6	2.7701355887779897
5	0	2	6	-2.7701355887779897
0	5	6	2	-2.7701355887779897
5	0	6	2	2.7701355887779897
0	5	2	7	7.682595087131889
5	0	2	7	-7.682595087131889
0	5	7	2	-7.682595087131889
5	0	7	2	7.682595087131889
0	5	3	4	0.0
5	0	3	4	-0.0
0	5	4	3	-0.0
5	0	4	3	0.0
0	5	3	5	0.0
5	0	3	5	-0.0
0	5	5	3	-0.0
5	0	5	3	0.0
0	5	3	6	8.305232033737036
5	0	3	6	-8.305232033737036
0	5	6	3	-8.305232033737036
5	0	6	3	8.305232033737036
0	5	3	7	0.0
5	0	3	7	-0.0
0	5	7	3	-0.0
5	0	7	3	0.0
0	5	4	5	0.0
5	0	4	5	-0.0
0	5	5	4	-0.0
5	0	5	4	0.0
0	5	4	6	0.0
5	0	4	6	-0.0
0	5	6	4	-0.0
5	0	6	4	0.0
0	5	4	7	0.0
5	0	4	7	-0.0
0	5	7	4	-0.0
5	0	7	4	0.0
0	5	5	6	0.0
5	0	5	6	-0.0
0	5	6	5	-0.0
5	0	6	5	0.0
0	5	5	7	0.0
5	0	5	7	-0.0
0	5	7	5	-0.0
5	0	7	5	0.0
0	5	6	7	4.576816828409812
5	0	6	7	-4.576816828409812
0	5	7	6	-4.576816828409812
5	0	7	6	4.576816828409812
0	6	0	1	3.5725281199792445
6	0	0	1	-3.5725281199792445
0	6	1	0	-3.5725281199792445
6	0	1	0	3.5725281199792445
0	6	0	2	6.180153447237418
6	0	0	2	-6.180153447237418
0	6	2	0	-6.180153447237418
6	0	2	0	6.180153447237418
0	6	0	3	4.8224728918173625
6	0	0	3	-4.8224728918173625
0	6	3	0	-4.8224728918173625
6	0	3	0	4.8224728918173625
0	6	0	4	5.478043800639914
6	0	0	4	-5.478043800639914
0	6	4	0	-5.478043800639914
6	0	4	0	5.478043800639914
0	6	0	5	5.611058393863985
6	0	0	5	-5.611058393863985
0	6	5	0	-5.611058393863985
6	0	5	0	5.611058393863985
0	6	0	6	3.328440162388969
6	0	0	6	-3.328440162388969
0	6	6	0	-3.328440162388969
6	0	6	0	3.328440162388969
0	6	0	7	3.630418076888762
6	0	0	7	-3.630418076888762
0	6	7	0	-3.630418076888762
6	0	7	0	3.630418076888762
0	6	1	2	0.4171588288311331
6	0	1	2	-0.4171588288311331
0	6	2	1	-0.4171588288311331
6	0	2	1	0.4171588288311331
0	6	1	3	1.0479015442187236
6	0	1	3	-1.0479015442187236
0	6	3	1	-1.0479015442187236
6	0	3	1	1.0479015442187236
0	6	1	4	2.1657272227664324
6	0	1	4	-2.1657272227664324
0	6	4	1	-2.1657272227664324
6	0	4	1	2.1657272227664324
0	6	1	5	0.0
6	0	1	5	-0.0
0	6	5	1	-0.0
6	0	5	1	0.0
0	6	1	6	1.2401288594899569
6	0	1	6	-1.2401288594899569
0	6	6	1	-1.2401288594899569
6	0	6	1	1.2401288594899569
0	6	1	7	3.455567476982897
6	0	1	7	-3.455567476982897
0	6	7	1	-3.455567476982897
6	0	7	1	3.455567476982897
0	6	2	3	8.15742579218504
6	0	2	3	-8.15742579218504
0	6	3	2	-8.15742579218504
6	0	3	2	8.15742579218504
0	6	2	4	0.0
6	0	2	4	-0.0
0	6	4	2	-0.0
6	0	4	2	0.0
0	6	2	5	0.0
6	0	2	5	-0.0
0	6	5	2	-0.0
6	0	5	2	0.0
0	6	2	6	2.109467487179799
6	0	2	6	-2.109467487179799
0	6	6	2	-2.109467487179799
6	0	6	2	2.109467487179799
0	6	2	7	6.868658532080811
6	0	2	7	-6.868658532080811
0	6	7	2	-6.868658532080811
6	0	7	2	6.868658532080811
0	6	3	4	0.0
6	0	3	4	-0.0
0	6	4	3	-0.0
6	0	4	3	0.0
0	6	3	5	0.0
6	0	3	5	-0.0
0	6	5	3	-0.0
6	0	5	3	0.0
0	6	3	6	7.912158961093815
6	0	3	6	-7.912158961093815
0	6	6	3	-7.912158961093815
6	0	6	3	7.912158961093815
0	6	3	7	0.0
6	0	3	7	-0.0
0	6	7	3	-0.0
6	0	7	3	0.0
0	6	4	5	0.0
6	0	4	5	-0.0
0	6	5	4	-0.0
6	0	5	4	0.0
0	6	4	6	0.0
6	0	4	6	-0.0
0	6	6	4	-0.0
6	0	6	4	0.0
0	6	4	7	0.0
6	0	4	7	-0.0
0	6	7	4	-0.0
6	0	7	4	0.0
0	6	5	6	0.0
6	0	5	6	-0.0
0	6	6	5	-0.0
6	0	6	5	0.0
0	6	5	7	0.0
6	0	5	7	-0.0
0	6	7	5	-0.0
6	0	7	5	0.0
0	6	6	7	3.1732769275436907
6	0	6	7	-3.1732769275436907
0	6	7	6	-3.1732769275436907
6	0	7	6	3.1732769275436907
0	7	0	1	3.0770512242982075
7	0	0	1	-3.0770512242982075
0	7	1	0	-3.0770512242982075
7	0	1	0	3.0770512242982075
0	7	0	2	4.449455623153295
7	0	0	2	-4.449455623153295
0	7	2	0	-4.449455623153295
7	0	2	0	4.449455623153295
0	7	0	3	5.728859362634994
7	0	0	3	-5.728859362634994
0	7	3	0	-5.728859362634994
7	0	3	0	5.728859362634994
0	7	0	4	5.430692083875629
7	0	0	4	-5.430692083875629
0	7	4	0	-5.430692083875629
7	0	4	0	5.430692083875629
0	7	0	5	5.469918597433219
7	0	0	5	-5.469918597433219
0	7	5	0	-5.469918597433219
7	0	5	0	5.469918597433219
0	7	0	6	2.851384970804996
7	0	0	6	-2.851384970804996
0	7	6	0	-2.851384970804996
7	0	6	0	2.851384970804996
0	7	0	7	3.4533189783482583
7	0	0	7	-3.4533189783482583
0	7	7	0	-3.4533189783482583
7	0	7	0	3.4533189783482583
0	7	1	2	0.6466197029743114
7	0	1	2	-0.6466197029743114
0	7	2	1	-0.6466197029743114
7	0	2	1	0.6466197029743114
0	7	1	3	1.4897972083654605
7	0	1	3	-1.4897972083654605
0	7	3	1	-1.4897972083654605
7	0	3	1	1.4897972083654605
0	7	1	4	2.035314220918073
7	0	1	4	-2.035314220918073
0	7	4	1	-2.035314220918073
7	0	4	1	2.035314220918073
0	7	1	5	0.0
7	0	1	5	-0.0
0	7	5	1	-0.0
7	0	5	1	0.0
0	7	1	6	1.4997411906116591
7	0	1	6	-1.4997411906116591
0	7	6	1	-1.4997411906116591
7	0	6	1	1.4997411906116591
0	7	1	7	3.6952874094148993
7	0	1	7	-3.6952874094148993
0	7	7	1	-3.6952874094148993
7	0	7	1	3.6952874094148993
0	7	2	3	7.467788588892755
7	0	2	3	-7.467788588892755
0	7	3	2	-7.467788588892755
7	0	3	2	7.467788588892755
0	7	2	4	0.0
7	0	2	4	-0.0
0	7	4	2	-0.0
7	0	4	2	0.0
0	7	2	5	0.0
7	0	2	5	-0.0
0	7	5	2	-0.0
7	0	5	2	0.0
0	7	2	6	2.868900078296557
7	0	2	6	-2.868900078296557
0	7	6	2	-2.868900078296557
7	0	6	2	2.868900078296557
0	7	2	7	6.732573994710071
7	0	2	7	-6.732573994710071
0	7	7	2	-6.732573994710071
7	0	7	2	6.732573994710071
0	7	3	4	0.0
7	0	3	4	-0.0
0	7	4	3	-0.0
7	0	4	3	0.0
0	7	3	5	0.0
7	0	3	5	-0.0
0	7	5	3	-0.0
7	0	5	3	0.0
0	7	3	6	7.5000676083298465
7	0	3	6	-7.5000676083298465
0	7	6	3	-7.5000676083298465
7	0	6	3	7.5000676083298465
0	7	3	7	0.0
7	0	3	7	-0.0
0	7	7	3	-0.0
7	0	7	3	0.0
0	7	4	5	0.0
7	0	4	5	-0.0
0	7	5	4	-0.0
7	0	5	4	0.0
0	7	4	6	0.0
7	0	4	6	-0.0
0	7	6	4	-0.0
7	0	6	4	0.0
0	7	4	7	0.0
7	0	4	7	-0.0
0	7	7	4	-0.0
7	0	7	4	0.0
0	7	5	6	0.0
7	0	5	6	-0.0
0	7	6	5	-0.0
7	0	6	5	0.0
0	7	5	7	0.0
7	0	5	7	-0.0
0	7	7	5	-0.0
7	0	7	5	0.0
0	7	6	7	4.55274549353816
7	0	6	7	-4.55274549353816
0	7	7	6	-4.55274549353816
7	0	7	6	4.55274549353816
1	2	0	1	4.913266543206875
2	1	0	1	-4.913266543206875
1	2	1	0	-4.913266543206875
2	1	1	0	4.913266543206875
1	2	0	2	7.174130722355591
2	1	0	2	-7.174130722355591
1	2	2	0	-7.174130722355591
2	1	2	0	7.174130722355591
1	2	0	3	7.342685903863863
2	1	0	3	-7.342685903863863
1	2	3	0	-7.342685903863863
2	1	3	0	7.342685903863863
1	2	0	4	7.83470292326995
2	1	0	4	-7.83470292326995
1	2	4	0	-7.83470292326995
2	1	4	0	7.83470292326995
1	2	0	5	9.38642825935682
2	1	0	5	-9.38642825935682
1	2	5	0	-9.38642825935682
2	1	5	0	9.38642825935682
1	2	0	6	3.0606508879277663
2	1	0	6	-3.0606508879277663
1	2	6	0	-3.0606508879277663
2	1	6	0	3.0606508879277663
1	2	0	7	2.9439489772954266
2	1	0	7	-2.9439489772954266
1	2	7	0	-2.9439489772954266
2	1	7	0	2.9439489772954266
1	2	1	2	0.9646786950400907
2	1	1	2	-0.9646786950400907
1	2	2	1	-0.9646786950400907
2	1	2	1	0.9646786950400907
1	2	1	3	1.9206893309550725
2	1	1	3	-1.9206893309550725
1	2	3	1	-1.9206893309550725
2	1	3	1	1.9206893309550725
1	2	1	4	3.1677755052034815
2	1	1	4	-3.1677755052034815
1	2	4	1	-3.1677755052034815
2	1	4	1	3.1677755052034815
1	2	1	5	0.0
2	1	1	5	-0.0
1	2	5	1	-0.0
2	1	5	1	0.0
1	2	1	6	1.1970437539964147
2	1	1	6	-1.1970437539964147
1	2	6	1	-1.1970437539964147
2	1	6	1	1.1970437539964147
1	2	1	7	3.7505378631527293
2	1	1	7	-3.7505378631527293
1	2	7	1	-3.7505378631527293
2	1	7	1	3.7505378631527293
1	2	2	3	10.163006918580088
2	1	2	3	-10.163006918580088
1	2	3	2	-10.163006918580088
2	1	3	2	10.163006918580088
1	2	2	4	0.0
2	1	2	4	-0.0
1	2	4	2	-0.0
2	1	4	2	0.0
1	2	2	5	0.0
2	1	2	5	-0.0
1	2	5	2	-0.0
2	1	5	2	0.0
1	2	2	6	2.741566132012805
2	1	2	6	-2.741566132012805
1	2	6	2	-2.741566132012805
2	1	6	2	2.741566132012805
1	2	2	7	6.211684119800342
2	1	2	7	-6.211684119800342
1	2	7	2	-6.211684119800342
2	1	7	2	6.211684119800342
1	2	3	4	0.0
2	1	3	4	-0.0
1	2	4	3	-0.0
2	1	4	3	0.0
1	2	3	5	0.0
2	1	3	5	-0.0
1	2	5	3	-0.0
2	1	5	3	0.0
1	2	3	6	8.422659545720238
2	1	3	6	-8.422659545720238
1	2	6	3	-8.422659545720238
2	1	6	3	8.422659545720238
1	2	3	7	0.0
2	1	3	7	-0.0
1	2	7	3	-0.0
2	1	7	3	0.0
1	2	4	5	0.0
2	1	4	5	-0.0
1	2	5	4	-0.0
2	1	5	4	0.0
1	2	4	6	0.0
2	1	4	6	-0.0
1	2	6	4	-0.0
2	1	6	4	0.0
1	2	4	7	0.0
2	1	4	7	-0.0
1	2	7	4	-0.0
2	1	7	4	0.0
1	2	5	6	0.0
2	1	5	6	-0.0
1	2	6	5	-0.0
2	1	6	5	0.0
1	2	5	7	0.0
2	1	5	7	-0.0
1	2	7	5	-0.0
2	1	7	5	0.0
1	2	6	7	5.005062716156287
2	1	6	7	-5.005062716156287
1	2	7	6	-5.005062716156287
2	1	7	6	5.005062716156287
1	3	0	1	5.324572942280693
3	1	0	1	-5.324572942280693
1	3	1	0	-5.324572942280693
3	1	1	0	5.324572942280693
1	3	0	2	6.525223509598816
3	1	0	2	-6.525223509598816
1	3	2	0	-6.525223509598816
3	1	2	0	6.525223509598816
1	3	0	3	7.11562878406143
3	1	0	3	-7.11562878406143
1	3	3	0	-7.11562878406143
3	1	3	0	7.11562878406143
1	3	0	4	9.555323503311559
3	1	0	4	-9.555323503311559
1	3	4	0	-9.555323503311559
3	1	4	0	9.555323503311559
1	3	0	5	8.906284504850623
3	1	0	5	-8.906284504850623
1	3	5	0	-8.906284504850623
3	1	5	0	8.906284504850623
1	3	0	6	2.8494832440307003
3	1	0	6	-2.8494832440307003
1	3	6	0	-2.8494832440307003
3	1	6	0	2.8494832440307003
1	3	0	7	3.7311880979736176
3	1	0	7	-3.7311880979736176
1	3	7	0	-3.7311880979736176
3	1	7	0	3.7311880979736176
1	3	1	2	0.7947734955793568
3	1	1	2	-0.7947734955793568
1	3	2	1	-0.7947734955793568
3	1	2	1	0.7947734955793568
1	3	1	3	1.840304475925636
3	1	1	3	-1.840304475925636
1	3	3	1	-1.840304475925636
3	1	3	1	1.840304475925636
1	3	1	4	2.6261770629215477
3	1	1	4	-2.6261770629215477
1	3	4	1	-2.6261770629215477
3	1	4	1	2.6261770629215477
1	3	1	5	0.0
3	1	1	5	-0.0
1	3	5	1	-0.0
3	1	5	1	0.0
1	3	1	6	1.4540026349635589
3	1	1	6	-1.4540026349635589
1	3	6	1	-1.4540026349635589
3	1	6	1	1.4540026349635589
1	3	1	7	3.6588381166938064
3	1	1	7	-3.6588381166938064
1	3	7	1	-3.6588381166938064
3	1	7	1	3.6588381166938064
1	3	2	3	12.729399890054422
3	1	2	3	-12.729399890054422
1	3	3	2	-12.729399890054422
3	1	3	2	12.729399890054422
1	3	2	4	0.0
3	1	2	4	-0.0
1	3	4	2	-0.0
3	1	4	2	0.0
1	3	2	5	0.0
3	1	2	5	-0.0
1	3	5	2	-0.0
3	1	5	2	0.0
1	3	2	6	2.52488754876556
3	1	2	6	-2.52488754876556
1	3	6	2	-2.52488754876556
3	1	6	2	2.52488754876556
1	3	2	7	7.408746259139334
3	1	2	7	-7.408746259139334
1	3	7	2	-7.408746259139334
3	1	7	2	7.408746259139334
1	3	3	4	0.0
3	1	3	4	-0.0
1	3	4	3	-0.0
3	1	4	3	0.0
1	3	3	5	0.0
3	1	3	5	-0.0
1	3	5	3	-0.0
3	1	5	3	0.0
1	3	3	6	8.5403616657257
3	1	3	6	-8.5403616657257
1	3	6	3	-8.5403616657257
3	1	6	3	8.5403616657257
1	3	3	7	0.0
3	1	3	7	-0.0
1	3	7	3	-0.0
3	1	7	3	0.0
1	3	4	5	0.0
3	1	4	5	-0.0
1	3	5	4	-0.0
3	1	5	4	0.0
1	3	4	6	0.0
3	1	4	6	-0.0
1	3	6	4	-0.0
3	1	6	4	0.0
1	3	4	7	0.0
3	1	4	7	-0.0
1	3	7	4	-0.0
3	1	7	4	0.0
1	3	5	6	0.0
3	1	5	6	-0.0
1	3	6	5	-0.0
3	1	6	5	0.0
1	3	5	7	0.0
3	1	5	7	-0.0
1	3	7	5	-0.0
3	1	7	5	0.0
1	3	6	7	4.467825525598325
3	1	6	7	-4.467825525598325
1	3	7	6	-4.467825525598325
3	1	7	6	4.467825525598325
1	4	0	1	6.077453974542616
4	1	0	1	-6.077453974542616
1	4	1	0	-6.077453974542616
4	1	1	0	6.077453974542616
1	4	0	2	6.3643457300839845
4	1	0	2	-6.3643457300839845
1	4	2	0	-6.3643457300839845
4	1	2	0	6.3643457300839845
1	4	0	3	7.40845687891852
4	1	0	3	-7.40845687891852
1	4	3	0	-7.40845687891852
4	1	3	0	7.40845687891852
1	4	0	4	8.739133234698667
4	1	0	4	-8.739133234698667
1	4	4	0	-8.739133234698667
4	1	4	0	8.739133234698667
1	4	0	5	8.648764111262235
4	1	0	5	-8.648764111262235
1	4	5	0	-8.648764111262235
4	1	5	0	8.648764111262235
1	4	0	6	2.8918428829212988
4	1	0	6	-2.8918428829212988
1	4	6	0	-2.8918428829212988
4	1	6	0	2.8918428829212988
1	4	0	7	4.035308488866769
4	1	0	7	-4.035308488866769
1	4	7	0	-4.035308488866769
4	1	7	0	4.035308488866769
1	4	1	2	0.7880191560836752
4	1	1	2	-0.7880191560836752
1	4	2	1	-0.7880191560836752
4	1	2	1	0.7880191560836752
1	4	1	3	1.6574738279695875
4	1	1	3	-1.6574738279695875
1	4	3	1	-1.6574738279695875
4	1	3	1	1.6574738279695875
1	4	1	4	3.3988181248444165
4	1	1	4	-3.3988181248444165
1	4	4	1	-3.3988181248444165
4	1	4	1	3.3988181248444165
1	4	1	5	0.0
4	1	1	5	-0.0
1	4	5	1	-0.0
4	1	5	1	0.0
1	4	1	6	1.392495870309193
4	1	1	6	-1.392495870309193
1	4	6	1	-1.392495870309193
4	1	6	1	1.392495870309193
1	4	1	7	4.0048862168501485
4	1	1	7	-4.0048862168501485
1	4	7	1	-4.0048862168501485
4	1	7	1	4.0048862168501485
1	4	2	3	8.727774387441057
4	1	2	3	-8.727774387441057
1	4	3	2	-8.727774387441057
4	1	3	2	8.727774387441057
1	4	2	4	0.0
4	1	2	4	-0.0
1	4	4	2	-0.0
4	1	4	2	0.0
1	4	2	5	0.0
4	1	2	5	-0.0
1	4	5	2	-0.0
4	1	5	2	0.0
1	4	2	6	2.8488532874639994
4	1	2	6	-2.8488532874639994
1	4	6	2	-2.8488532874639994
4	1	6	2	2.8488532874639994
1	4	2	7	7.6078043009812575
4	1	2	7	-7.6078043009812575
1	4	7	2	-7.6078043009812575
4	1	7	2	7.6078043009812575
1	4	3	4	0.0
4	1	3	4	-0.0
1	4	4	3	-0.0
4	1	4	3	0.0
1	4	3	5	0.0
4	1	3	5	-0.0
1	4	5	3	-0.0
4	1	5	3	0.0
1	4	3	6	7.578697548261581
4	1	3	6	-7.578697548261581
1	4	6	3	-7.578697548261581
4	1	6	3	7.578697548261581
1	4	3	7	0.0
4	1	3	7	-0.0
1	4	7	3	-0.0
4	1	7	3	0.0
1	4	4	5	0.0
4	1	4	5	-0.0
1	4	5	4	-0.0
4	1	5	4	0.0
1	4	4	6	0.0
4	1	4	6	-0.0
1	4	6	4	-0.0
4	1	6	4	0.0
1	4	4	7	0.0
4	1	4	7	-0.0
1	4	7	4	-0.0
4	1	7	4	0.0
1	4	5	6	0.0
4	1	5	6	-0.0
1	4	6	5	-0.0
4	1	6	5	0.0
1	4	5	7	0.0
4	1	5	7	-0.0
1	4	7	5	-0.0
4	1	7	5	0.0
1	4	6	7	2.893472014327323
4	1	6	7	-2.893472014327323
1	4	7	6	-2.893472014327323
4	1	7	6	2.893472014327323
1	5	0	1	5.445282928682813
5	1	0	1	-5.445282928682813
1	5	1	0	-5.445282928682813
5	1	1	0	5.445282928682813
1	5	0	2	5.54322075400776
5	1	0	2	-5.54322075400776
1	5	2	0	-5.54322075400776
5	1	2	0	5.54322075400776
1	5	0	3	7.308297015029311
5	1	0	3	-7.308297015029311
1	5	3	0	-7.308297015029311
5	1	3	0	7.308297015029311
1	5	0	4	8.580989466497368
5	1	0	4	-8.580989466497368
1	5	4	0	-8.580989466497368
5	1	4	0	8.580989466497368
1	5	0	5	8.63984970595229
5	1	0	5	-8.63984970595229
1	5	5	0	-8.63984970595229
5	1	5	0	8.63984970595229
1	5	0	6	2.541243574317548
5	1	0	6	-2.541243574317548
1	5	6	0	-2.541243574317548
5	1	6	0	2.541243574317548
1	5	0	7	3.4009098332549463
5	1	0	7	-3.4009098332549463
1	5	7	0	-3.4009098332549463
5	1	7	0	3.4009098332549463
1	5	1	2	0.8870444143733773
5	1	1	2	-0.8870444143733773
1	5	2	1	-0.8870444143733773
5	1	2	1	0.8870444143733773
1	5	1	3	1.305729711861727
5	1	1	3	-1.305729711861727
1	5	3	1	-1.305729711861727
5	1	3	1	1.305729711861727
1	5	1	4	2.8787382672728796
5	1	1	4	-2.8787382672728796
1	5	4	1	-2.8787382672728796
5	1	4	1	2.8787382672728796
1	5	1	5	0.0
5	1	1	5	-0.0
1	5	5	1	-0.0
5	1	5	1	0.0
1	5	1	6	1.4025031714432463
5	1	1	6	-1.4025031714432463
1	5	6	1	-1.4025031714432463
5	1	6	1	1.4025031714432463
1	5	1	7	3.1393472144532777
5	1	1	7	-3.1393472144532777
1	5	7	1	-3.1393472144532777
5	1	7	1	3.1393472144532777
1	5	2	3	10.689755734156604
5	1	2	3	-10.689755734156604
1	5	3	2	-10.689755734156604
5	1	3	2	10.689755734156604
1	5	2	4	0.0
5	1	2	4	-0.0
1	5	4	2	-0.0
5	1	4	2	0.0
1	5	2	5	0.0
5	1	2	5	-0.0
1	5	5	2	-0.0
5	1	5	2	0.0
1	5	2	6	3.103754303829059
5	1	2	6	-3.103754303829059
1	5	6	2	-3.103754303829059
5	1	6	2	3.103754303829059
1	5	2	7	9.210250684964544
5	1	2	7	-9.210250684964544
1	5	7	2	-9.210250684964544
5	1	7	2	9.210250684964544
1	5	3	4	0.0
5	1	3	4	-0.0
1	5	4	3	-0.0
5	1	4	3	0.0
1	5	3	5	0.0
5	1	3	5	-0.0
1	5	5	3	-0.0
5	1	5	3	0.0
1	5	3	6	8.327933351651392
5	1	3	6	-8.327933351651392
1	5	6	3	-8.327933351651392
5	1	6	3	8.327933351651392
1	5	3	7	0.0
5	1	3	7	-0.0
1	5	7	3	-0.0
5	1	7	3	0.0
1	5	4	5	0.0
5	1	4	5	-0.0
1	5	5	4	-0.0
5	1	5	4	0.0
1	5	4	6	0.0
5	1	4	6	-0.0
1	5	6	4	-0.0
5	1	6	4	0.0
1	5	4	7	0.0
5	1	4	7	-0.0
1	5	7	4	-0.0
5	1	7	4	0.0
1	5	5	6	0.0
5	1	5	6	-0.0
1	5	6	5	-0.0
5	1	6	5	0.0
1	5	5	7	0.0
5	1	5	7	-0.0
1	5	7	5	-0.0
5	1	7	5	0.0
1	5	6	7	3.619809573996919
5	1	6	7	-3.619809573996919
1	5	7	6	-3.619809573996919
5	1	7	6	3.619809573996919
1	6	0	1	4.285906547721827
6	1	0	1	-4.285906547721827
1	6	1	0	-4.285906547721827
6	1	1	0	4.285906547721827
1	6	0	2	3.955768693562316
6	1	0	2	-3.955768693562316
1	6	2	0	-3.955768693562316
6	1	2	0	3.955768693562316
1	6	0	3	4.875123046730124
6	1	0	3	-4.875123046730124
1	6	3	0	-4.875123046730124
6	1	3	0	4.875123046730124
1	6	0	4	5.931090083397992
6	1	0	4	-5.931090083397992
1	6	4	0	-5.931090083397992
6	1	4	0	5.931090083397992
1	6	0	5	7.089907165408685
6	1	0	5	-7.089907165408685
1	6	5	0	-7.089907165408685
6	1	5	0	7.089907165408685
1	6	0	6	2.915985922470803
6	1	0	6	-2.915985922470803
1	6	6	0	-2.915985922470803
6	1	6	0	2.915985922470803
1	6	0	7	4.671656799971595
6	1	0	7	-4.671656799971595
1	6	7	0	-4.671656799971595
6	1	7	0	4.671656799971595
1	6	1	2	0.4708938178303416
6	1	1	2	-0.4708938178303416
1	6	2	1	-0.4708938178303416
6	1	2	1	0.4708938178303416
1	6	1	3	1.0541925911998644
6	1	1	3	-1.0541925911998644
1	6	3	1	-1.0541925911998644
6	1	3	1	1.0541925911998644
1	6	1	4	2.3443944288028695
6	1	1	4	-2.3443944288028695
1	6	4	1	-2.3443944288028695
6	1	4	1	2.3443944288028695
1	6	1	5	0.0
6	1	1	5	-0.0
1	6	5	1	-0.0
6	1	5	1	0.0
1	6	1	6	1.0343366076805676
6	1	1	6	-1.0343366076805676
1	6	6	1	-1.0343366076805676
6	1	6	1	1.0343366076805676
1	6	1	7	4.201317522527132
6	1	1	7	-4.201317522527132
1	6	7	1	-4.201317522527132
6	1	7	1	4.201317522527132
1	6	2	3	6.907384221013539
6	1	2	3	-6.907384221013539
1	6	3	2	-6.907384221013539
6	1	3	2	6.907384221013539
1	6	2	4	0.0
6	1	2	4	-0.0
1	6	4	2	-0.0
6	1	4	2	0.0
1	6	2	5	0.0
6	1	2	5	-0.0
1	6	5	2	-0.0
6	1	5	2	0.0
1	6	2	6	2.9815376150868147
6	1	2	6	-2.9815376150868147
1	6	6	2	-2.9815376150868147
6	1	6	2	2.9815376150868147
1	6	2	7	7.458913506574435
6	1	2	7	-7.458913506574435
1	6	7	2	-7.458913506574435
6	1	7	2	7.458913506574435
1	6	3	4	0.0
6	1	3	4	-0.0
1	6	4	3	-0.0
6	1	4	3	0.0
1	6	3	5	0.0
6	1	3	5	-0.0
1	6	5	3	-0.0
6	1	5	3	0.0
1	6	3	6	7.771508326791071
6	1	3	6	-7.771508326791071
1	6	6	3	-7.771508326791071
6	1	6	3	7.771508326791071
1	6	3	7	0.0
6	1	3	7	-0.0
1	6	7	3	-0.0
6	1	7	3	0.0
1	6	4	5	0.0
6	1	4	5	-0.0
1	6	5	4	-0.0
6	1	5	4	0.0
1	6	4	6	0.0
6	1	4	6	-0.0
1	6	6	4	-0.0
6	1	6	4	0.0
1	6	4	7	0.0
6	1	4	7	-0.0
1	6	7	4	-0.0
6	1	7	4	0.0
1	6	5	6	0.0
6	1	5	6	-0.0
1	6	6	5	-0.0
6	1	6	5	0.0
1	6	5	7	0.0
6	1	5	7	-0.0
1	6	7	5	-0.0
6	1	7	5	0.0
1	6	6	7	2.891142355626329
6	1	6	7	-2.891142355626329
1	6	7	6	-2.891142355626329
6	1	7	6	2.891142355626329
1	7	0	1	3.7930253596419066
7	1	0	1	-3.7930253596419066
1	7	1	0	-3.7930253596419066
7	1	1	0	3.7930253596419066
1	7	0	2	4.7840420664616
7	1	0	2	-4.7840420664616
1	7	2	0	-4.7840420664616
7	1	2	0	4.7840420664616
1	7	0	3	5.471005412888869
7	1	0	3	-5.471005412888869
1	7	3	0	-5.471005412888869
7	1	3	0	5.471005412888869
1	7	0	4	5.847278112060321
7	1	0	4	-5.847278112060321
1	7	4	0	-5.847278112060321
7	1	4	0	5.847278112060321
1	7	0	5	5.831002422472307
7	1	0	5	-5.831002422472307
1	7	5	0	-5.831002422472307
7	1	5	0	5.831002422472307
1	7	0	6	2.116257322335265
7	1	0	6	-2.116257322335265
1	7	6	0	-2.116257322335265
7	1	6	0	2.116257322335265
1	7	0	7	3.1669788199692133
7	1	0	7	-3.1669788199692133
1	7	7	0	-3.1669788199692133
7	1	7	0	3.1669788199692133
1	7	1	2	0.5553203463198818
7	1	1	2	-0.5553203463198818
1	7	2	1	-0.5553203463198818
7	1	2	1	0.5553203463198818
1	7	1	3	1.101596136958281
7	1	1	3	-1.101596136958281
1	7	3	1	-1.101596136958281
7	1	3	1	1.101596136958281
1	7	1	4	2.232154246143989
7	1	1	4	-2.232154246143989
1	7	4	1	-2.232154246143989
7	1	4	1	2.232154246143989
1	7	1	5	0.0
7	1	1	5	-0.0
1	7	5	1	-0.0
7	1	5	1	0.0
1	7	1	6	1.146402148818235
7	1	1	6	-1.146402148818235
1	7	6	1	-1.146402148818235
7	1	6	1	1.146402148818235
1	7	1	7	3.1619910447628796
7	1	1	7	-3.1619910447628796
1	7	7	1	-3.1619910447628796
7	1	7	1	3.1619910447628796
1	7	2	3	7.01902331405485
7	1	2	3	-7.01902331405485
1	7	3	2	-7.01902331405485
7	1	3	2	7.01902331405485
1	7	2	4	0.0
7	1	2	4	-0.0
1	7	4	2	-0.0
7	1	4	2	0.0
1	7	2	5	0.0
7	1	2	5	-0.0
1	7	5	2	-0.0
7	1	5	2	0.0
1	7	2	6	2.707655344192412
7	1	2	6	-2.707655344192412
1	7	6	2	-2.707655344192412
7	1	6	2	2.707655344192412
1	7	2	7	8.018945308424357
7	1	2	7	-8.018945308424357
1	7	7	2	-8.018945308424357
7	1	7	2	8.018945308424357
1	7	3	4	0.0
7	1	3	4	-0.0
1	7	4	3	-0.0
7	1	4	3	0.0
1	7	3	5	0.0
7	1	3	5	-0.0
1	7	5	3	-0.0
7	1	5	3	0.0
1	7	3	6	7.171706854788633
7	1	3	6	-7.171706854788633
1	7	6	3	-7.171706854788633
7	1	6	3	7.171706854788633
1	7	3	7	0.0
7	1	3	7	-0.0
1	7	7	3	-0.0
7	1	7	3	0.0
1	7	4	5	0.0
7	1	4	5	-0.0
1	7	5	4	-0.0
7	1	5	4	0.0
1	7	4	6	0.0
7	1	4	6	-0.0
1	7	6	4	-0.0
7	1	6	4	0.0
1	7	4	7	0.0
7	1	4	7	-0.0
1	7	7	4	-0.0
7	1	7	4	0.0
1	7	5	6	0.0
7	1	5	6	-0.0
1	7	6	5	-0.0
7	1	6	5	0.0
1	7	5	7	0.0
7	1	5	7	-0.0
1	7	7	5	-0.0
7	1	7	5	0.0
1	7	6	7	4.343077625063627
7	1	6	7	-4.343077625063627
1	7	7	6	-4.343077625063627
7	1	7	6	4.343077625063627
2	3	0	1	5.142219164781895
3	2	0	1	-5.142219164781895
2	3	1	0	-5.142219164781895
3	2	1	0	5.142219164781895
2	3	0	2	5.782330961642361
3	2	0	2	-5.782330961642361
2	3	2	0	-5.782330961642361
3	2	2	0	5.782330961642361
2	3	0	3	8.789745834899115
3	2	0	3	-8.789745834899115
2	3	3	0	-8.789745834899115
3	2	3	0	8.789745834899115
2	3	0	4	8.135662277307569
3	2	0	4	-8.135662277307569
2	3	4	0	-8.135662277307569
3	2	4	0	8.135662277307569
2	3	0	5	9.584045516932925
3	2	0	5	-9.584045516932925
2	3	5	0	-9.584045516932925
3	2	5	0	9.584045516932925
2	3	0	6	2.235645254987654
3	2	0	6	-2.235645254987654
2	3	6	0	-2.235645254987654
3	2	6	0	2.235645254987654
2	3	0	7	3.190659707074872
3	2	0	7	-3.190659707074872
2	3	7	0	-3.190659707074872
3	2	7	0	3.190659707074872
2	3	1	2	0.8732292000796585
3	2	1	2	-0.8732292000796585
2	3	2	1	-0.8732292000796585
3	2	2	1	0.8732292000796585
2	3	1	3	1.6357666035762777
3	2	1	3	-1.6357666035762777
2	3	3	1	-1.6357666035762777
3	2	3	1	1.6357666035762777
2	3	1	4	2.5548938454188157
3	2	1	4	-2.5548938454188157
2	3	4	1	-2.5548938454188157
3	2	4	1	2.5548938454188157
2	3	1	5	0.0
3	2	1	5	-0.0
2	3	5	1	-0.0
3	2	5	1	0.0
2	3	1	6	1.2377984581659702
3	2	1	6	-1.2377984581659702
2	3	6	1	-1.2377984581659702
3	2	6	1	1.2377984581659702
2	3	1	7	3.6698523883807814
3	2	1	7	-3.6698523883807814
2	3	7	1	-3.6698523883807814
3	2	7	1	3.6698523883807814
2	3	2	3	9.421700188558987
3	2	2	3	-9.421700188558987
2	3	3	2	-9.421700188558987
3	2	3	2	9.421700188558987
2	3	2	4	0.0
3	2	2	4	-0.0
2	3	4	2	-0.0
3	2	4	2	0.0
2	3	2	5	0.0
3	2	2	5	-0.0
2	3	5	2	-0.0
3	2	5	2	0.0
2	3	2	6	3.1838478269254264
3	2	2	6	-3.1838478269254264
2	3	6	2	-3.1838478269254264
3	2	6	2	3.1838478269254264
2	3	2	7	7.358785134109775
3	2	2	7	-7.358785134109775
2	3	7	2	-7.358785134109775
3	2	7	2	7.358785134109775
2	3	3	4	0.0
3	2	3	4	-0.0
2	3	4	3	-0.0
3	2	4	3	0.0
2	3	3	5	0.0
3	2	3	5	-0.0
2	3	5	3	-0.0
3	2	5	3	0.0
2	3	3	6	6.216187977811061
3	2	3	6	-6.216187977811061
2	3	6	3	-6.216187977811061
3	2	6	3	6.216187977811061
2	3	3	7	0.0
3	2	3	7	-0.0
2	3	7	3	-0.0
3	2	7	3	0.0
2	3	4	5	0.0
3	2	4	5	-0.0
2	3	5	4	-0.0
3	2	5	4	0.0
2	3	4	6	0.0
3	2	4	6	-0.0
2	3	6	4	-0.0
3	2	6	4	0.0
2	3	4	7	0.0
3	2	4	7	-0.0
2	3	7	4	-0.0
3	2	7	4	0.0
2	3	5	6	0.0
3	2	5	6	-0.0
2	3	6	5	-0.0
3	2	6	5	0.0
2	3	5	7	0.0
3	2	5	7	-0.0
2	3	7	5	-0.0
3	2	7	5	0.0
2	3	6	7	3.0081347611647007
3	2	6	7	-3.0081347611647007
2	3	7	6	-3.0081347611647007
3	2	7	6	3.0081347611647007
2	4	0	1	4.5292153358040705
4	2	0	1	-4.5292153358040705
2	4	1	0	-4.5292153358040705
4	2	1	0	4.5292153358040705
2	4	0	2	6.760666769598132
4	2	0	2	-6.760666769598132
2	4	2	0	-6.760666769598132
4	2	2	0	6.760666769598132
2	4	0	3	7.7626324733766925
4	2	0	3	-7.7626324733766925
2	4	3	0	-7.7626324733766925
4	2	3	0	7.7626324733766925
2	4	0	4	7.416965745106953
4	2	0	4	-7.416965745106953
2	4	4	0	-7.416965745106953
4	2	4	0	7.416965745106953
2	4	0	5	9.517687209518254
4	2	0	5	-9.517687209518254
2	4	5	0	-9.517687209518254
4	2	5	0	9.517687209518254
2	4	0	6	2.7366179116085383
4	2	0	6	-2.7366179116085383
2	4	6	0	-2.7366179116085383
4	2	6	0	2.7366179116085383
2	4	0	7	2.853216027343568
4	2	0	7	-2.853216027343568
2	4	7	0	-2.853216027343568
4	2	7	0	2.853216027343568
2	4	1	2	0.8179337304528368
4	2	1	2	-0.8179337304528368
2	4	2	1	-0.8179337304528368
4	2	2	1	0.8179337304528368
2	4	1	3	1.5129269284762756
4	2	1	3	-1.5129269284762756
2	4	3	1	-1.5129269284762756
4	2	3	1	1.5129269284762756
2	4	1	4	2.8447370333430047
4	2	1	4	-2.8447370333430047
2	4	4	1	-2.8447370333430047
4	2	4	1	2.8447370333430047
2	4	1	5	0.0
4	2	1	5	-0.0
2	4	5	1	-0.0
4	2	5	1	0.0
2	4	1	6	1.1148766251518396
4	2	1	6	-1.1148766251518396
2	4	6	1	-1.1148766251518396
4	2	6	1	1.1148766251518396
2	4	1	7	3.496545349464512
4	2	1	7	-3.496545349464512
2	4	7	1	-3.496545349464512
4	2	7	1	3.496545349464512
2	4	2	3	10.808407329430223
4	2	2	3	-10.808407329430223
2	4	3	2	-10.808407329430223
4	2	3	2	10.808407329430223
2	4	2	4	0.0
4	2	2	4	-0.0
2	4	4	2	-0.0
4	2	4	2	0.0
2	4	2	5	0.0
4	2	2	5	-0.0
2	4	5	2	-0.0
4	2	5	2	0.0
2	4	2	6	2.831525684061434
4	2	2	6	-2.831525684061434
2	4	6	2	-2.831525684061434
4	2	6	2	2.831525684061434
2	4	2	7	7.534828074971003
4	2	2	7	-7.534828074971003
2	4	7	2	-7.534828074971003
4	2	7	2	7.534828074971003
2	4	3	4	0.0
4	2	3	4	-0.0
2	4	4	3	-0.0
4	2	4	3	0.0
2	4	3	5	0.0
4	2	3	5	-0.0
2	4	5	3	-0.0
4	2	5	3	0.0
2	4	3	6	8.909740492621758
4	2	3	6	-8.909740492621758
2	4	6	3	-8.909740492621758
4	2	6	3	8.909740492621758
2	4	3	7	0.0
4	2	3	7	-0.0
2	4	7	3	-0.0
4	2	7	3	0.0
2	4	4	5	0.0
4	2	4	5	-0.0
2	4	5	4	-0.0
4	2	5	4	0.0
2	4	4	6	0.0
4	2	4	6	-0.0
2	4	6	4	-0.0
4	2	6	4	0.0
2	4	4	7	0.0
4	2	4	7	-0.0
2	4	7	4	-0.0
4	2	7	4	0.0
2	4	5	6	0.0
4	2	5	6	-0.0
2	4	6	5	-0.0
4	2	6	5	0.0
2	4	5	7	0.0
4	2	5	7	-0.0
2	4	7	5	-0.0
4	2	7	5	0.0
2	4	6	7	3.523615507695663
4	2	6	7	-3.523615507695663
2	4	7	6	-3.523615507695663
4	2	7	6	3.523615507695663
2	5	0	1	5.8778239539359065
5	2	0	1	-5.8778239539359065
2	5	1	0	-5.8778239539359065
5	2	1	0	5.8778239539359065
2	5	0	2	8.634134173795484
5	2	0	2	-8.634134173795484
2	5	2	0	-8.634134173795484
5	2	2	0	8.634134173795484
2	5	0	3	8.733544829339175
5	2	0	3	-8.733544829339175
2	5	3	0	-8.733544829339175
5	2	3	0	8.733544829339175
2	5	0	4	7.835659392515437
5	2	0	4	-7.835659392515437
2	5	4	0	-7.835659392515437
5	2	4	0	7.835659392515437
2	5	0	5	7.4073405388971
5	2	0	5	-7.4073405388971
2	5	5	0	-7.4073405388971
5	2	5	0	7.4073405388971
2	5	0	6	2.2305157977547783
5	2	0	6	-2.2305157977547783
2	5	6	0	-2.2305157977547783
5	2	6	0	2.2305157977547783
2	5	0	7	3.744852471891625
5	2	0	7	-3.744852471891625
2	5	7	0	-3.744852471891625
5	2	7	0	3.744852471891625
2	5	1	2	0.7709814133405275
5	2	1	2	-0.7709814133405275
2	5	2	1	-0.7709814133405275
5	2	2	1	0.7709814133405275
2	5	1	3	1.5954117943454411
5	2	1	3	-1.5954117943454411
2	5	3	1	-1.5954117943454411
5	2	3	1	1.5954117943454411
2	5	1	4	3.314456426409774
5	2	1	4	-3.314456426409774
2	5	4	1	-3.314456426409774
5	2	4	1	3.314456426409774
2	5	1	5	0.0
5	2	1	5	-0.0
2	5	5	1	-0.0
5	2	5	1	0.0
2	5	1	6	1.311082392264479
5	2	1	6	-1.311082392264479
2	5	6	1	-1.311082392264479
5	2	6	1	1.311082392264479
2	5	1	7	3.719123885377586
5	2	1	7	-3.719123885377586
2	5	7	1	-3.719123885377586
5	2	7	1	3.719123885377586
2	5	2	3	10.746496003581356
5	2	2	3	-10.746496003581356
2	5	3	2	-10.746496003581356
5	2	3	2	10.746496003581356
2	5	2	4	0.0
5	2	2	4	-0.0
2	5	4	2	-0.0
5	2	4	2	0.0
2	5	2	5	0.0
5	2	2	5	-0.0
2	5	5	2	-0.0
5	2	5	2	0.0
2	5	2	6	2.2080705872551722
5	2	2	6	-2.2080705872551722
2	5	6	2	-2.2080705872551722
5	2	6	2	2.2080705872551722
2	5	2	7	6.70437734919315
5	2	2	7	-6.70437734919315
2	5	7	2	-6.70437734919315
5	2	7	2	6.70437734919315
2	5	3	4	0.0
5	2	3	4	-0.0
2	5	4	3	-0.0
5	2	4	3	0.0
2	5	3	5	0.0
5	2	3	5	-0.0
2	5	5	3	-0.0
5	2	5	3	0.0
2	5	3	6	8.347852272584072
5	2	3	6	-8.347852272584072
2	5	6	3	-8.347852272584072
5	2	6	3	8.347852272584072
2	5	3	7	0.0
5	2	3	7	-0.0
2	5	7	3	-0.0
5	2	7	3	0.0
2	5	4	5	0.0
5	2	4	5	-0.0
2	5	5	4	-0.0
5	2	5	4	0.0
2	5	4	6	0.0
5	2	4	6	-0.0
2	5	6	4	-0.0
5	2	6	4	0.0
2	5	4	7	0.0
5	2	4	7	-0.0
2	5	7	4	-0.0
5	2	7	4	0.0
2	5	5	6	0.0
5	2	5	6	-0.0
2	5	6	5	-0.0
5	2	6	5	0.0
2	5	5	7	0.0
5	2	5	7	-0.0
2	5	7	5	-0.0
5	2	7	5	0.0
2	5	6	7	3.8292341908850376
5	2	6	7	-3.8292341908850376
2	5	7	6	-3.8292341908850376
5	2	7	6	3.8292341908850376
2	6	0	1	4.244014124573106
6	2	0	1	-4.244014124573106
2	6	1	0	-4.244014124573106
6	2	1	0	4.244014124573106
2	6	0	2	4.5407200028509465
6	2	0	2	-4.5407200028509465
2	6	2	0	-4.5407200028509465
6	2	2	0	4.5407200028509465
2	6	0	3	5.668416657717586
6	2	0	3	-5.668416657717586
2	6	3	0	-5.668416657717586
6	2	3	0	5.668416657717586
2	6	0	4	5.873430932339411
6	2	0	4	-5.873430932339411
2	6	4	0	-5.873430932339411
6	2	4	0	5.873430932339411
2	6	0	5	5.723535226406356
6	2	0	5	-5.723535226406356
2	6	5	0	-5.723535226406356
6	2	5	0	5.723535226406356
2	6	0	6	1.969787267779322
6	2	0	6	-1.969787267779322
2	6	6	0	-1.969787267779322
6	2	6	0	1.969787267779322
2	6	0	7	3.7988063127474376
6	2	0	7	-3.7988063127474376
2	6	7	0	-3.7988063127474376
6	2	7	0	3.7988063127474376
2	6	1	2	0.553558676012861
6	2	1	2	-0.553558676012861
2	6	2	1	-0.553558676012861
6	2	2	1	0.553558676012861
2	6	1	3	0.8726598986126911
6	2	1	3	-0.8726598986126911
2	6	3	1	-0.8726598986126911
6	2	3	1	0.8726598986126911
2	6	1	4	2.1156871885044644
6	2	1	4	-2.1156871885044644
2	6	4	1	-2.1156871885044644
6	2	4	1	2.1156871885044644
2	6	1	5	0.0
6	2	1	5	-0.0
2	6	5	1	-0.0
6	2	5	1	0.0
2	6	1	6	1.3423064641860059
6	2	1	6	-1.3423064641860059
2	6	6	1	-1.3423064641860059
6	2	6	1	1.3423064641860059
2	6	1	7	3.9231979093839784
6	2	1	7	-3.9231979093839784
2	6	7	1	-3.9231979093839784
6	2	7	1	3.9231979093839784
2	6	2	3	7.961918021216497
6	2	2	3	-7.961918021216497
2	6	3	2	-7.961918021216497
6	2	3	2	7.961918021216497
2	6	2	4	0.0
6	2	2	4	-0.0
2	6	4	2	-0.0
6	2	4	2	0.0
2	6	2	5	0.0
6	2	2	5	-0.0
2	6	5	2	-0.0
6	2	5	2	0.0
2	6	2	6	2.6498155717339156
6	2	2	6	-2.6498155717339156
2	6	6	2	-2.6498155717339156
6	2	6	2	2.6498155717339156
2	6	2	7	7.6801262608770635
6	2	2	7	-7.6801262608770635
2	6	7	2	-7.6801262608770635
6	2	7	2	7.6801262608770635
2	6	3	4	0.0
6	2	3	4	-0.0
2	6	4	3	-0.0
6	2	4	3	0.0
2	6	3	5	0.0
6	2	3	5	-0.0
2	6	5	3	-0.0
6	2	5	3	0.0
2	6	3	6	6.312510966890634
6	2	3	6	-6.312510966890634
2	6	6	3	-6.312510966890634
6	2	6	3	6.312510966890634
2	6	3	7	0.0
6	2	3	7	-0.0
2	6	7	3	-0.0
6	2	7	3	0.0
2	6	4	5	0.0
6	2	4	5	-0.0
2	6	5	4	-0.0
6	2	5	4	0.0
2	6	4	6	0.0
6	2	4	6	-0.0
2	6	6	4	-0.0
6	2	6	4	0.0
2	6	4	7	0.0
6	2	4	7	-0.0
2	6	7	4	-0.0
6	2	7	4	0.0
2	6	5	6	0.0
6	2	5	6	-0.0
2	6	6	5	-0.0
6	2	6	5	0.0
2	6	5	7	0.0
6	2	5	7	-0.0
2	6	7	5	-0.0
6	2	7	5	0.0
2	6	6	7	3.610654493591488
6	2	6	7	-3.610654493591488
2	6	7	6	-3.610654493591488
6	2	7	6	3.610654493591488
2	7	0	1	3.64986436077215
7	2	0	1	-3.64986436077215
2	7	1	0	-3.64986436077215
7	2	1	0	3.64986436077215
2	7	0	2	3.8257505853846787
7	2	0	2	-3.8257505853846787
2	7	2	0	-3.8257505853846787
7	2	2	0	3.8257505853846787
2	7	0	3	5.475168768935265
7	2	0	3	-5.475168768935265
2	7	3	0	-5.475168768935265
7	2	3	0	5.475168768935265
2	7	0	4	6.080088630489714
7	2	0	4	-6.080088630489714
2	7	4	0	-6.080088630489714
7	2	4	0	6.080088630489714
2	7	0	5	6.651345080960538
7	2	0	5	-6.651345080960538
2	7	5	0	-6.651345080960538
7	2	5	0	6.651345080960538
2	7	0	6	2.2450844289448013
7	2	0	6	-2.2450844289448013
2	7	6	0	-2.2450844289448013
7	2	6	0	2.2450844289448013
2	7	0	7	3.3047567613233633
7	2	0	7	-3.3047567613233633
2	7	7	0	-3.3047567613233633
7	2	7	0	3.3047567613233633
2	7	1	2	0.5471706307366527
7	2	1	2	-0.5471706307366527
2	7	2	1	-0.5471706307366527
7	2	2	1	0.5471706307366527
2	7	1	3	0.8415410392227873
7	2	1	3	-0.8415410392227873
2	7	3	1	-0.8415410392227873
7	2	3	1	0.8415410392227873
2	7	1	4	2.112068813315555
7	2	1	4	-2.112068813315555
2	7	4	1	-2.112068813315555
7	2	4	1	2.112068813315555
2	7	1	5	0.0
7	2	1	5	-0.0
2	7	5	1	-0.0
7	2	5	1	0.0
2	7	1	6	1.5283966503559179
7	2	1	6	-1.5283966503559179
2	7	6	1	-1.5283966503559179
7	2	6	1	1.5283966503559179
2	7	1	7	4.172659862337147
7	2	1	7	-4.172659862337147
2	7	7	1	-4.172659862337147
7	2	7	1	4.172659862337147
2	7	2	3	5.91769920897081
7	2	2	3	-5.91769920897081
2	7	3	2	-5.91769920897081
7	2	3	2	5.91769920897081
2	7	2	4	0.0
7	2	2	4	-0.0
2	7	4	2	-0.0
7	2	4	2	0.0
2	7	2	5	0.0
7	2	2	5	-0.0
2	7	5	2	-0.0
7	2	5	2	0.0
2	7	2	6	2.8715709926810593
7	2	2	6	-2.8715709926810593
2	7	6	2	-2.8715709926810593
7	2	6	2	2.8715709926810593
2	7	2	7	8.272418866923822
7	2	2	7	-8.272418866923822
2	7	7	2	-8.272418866923822
7	2	7	2	8.272418866923822
2	7	3	4	0.0
7	2	3	4	-0.0
2	7	4	3	-0.0
7	2	4	3	0.0
2	7	3	5	0.0
7	2	3	5	-0.0
2	7	5	3	-0.0
7	2	5	3	0.0
2	7	3	6	7.886711644424365
7	2	3	6	-7.886711644424365
2	7	6	3	-7.886711644424365
7	2	6	3	7.886711644424365
2	7	3	7	0.0
7	2	3	7	-0.0
2	7	7	3	-0.0
7	2	7	3	0.0
2	7	4	5	0.0
7	2	4	5	-0.0
2	7	5	4	-0.0
7	2	5	4	0.0
2	7	4	6	0.0
7	2	4	6	-0.0
2	7	6	4	-0.0
7	2	6	4	0.0
2	7	4	7	0.0
7	2	4	7	-0.0
2	7	7	4	-0.0
7	2	7	4	0.0
2	7	5	6	0.0
7	2	5	6	-0.0
2	7	6	5	-0.0
7	2	6	5	0.0
2	7	5	7	0.0
7	2	5	7	-0.0
2	7	7	5	-0.0
7	2	7	5	0.0
2	7	6	7	5.414318475066125
7	2	6	7	-5.414318475066125
2	7	7	6	-5.414318475066125
7	2	7	6	5.414318475066125
3	4	0	1	6.531533219291898
4	3	0	1	-6.531533219291898
3	4	1	0	-6.531533219291898
4	3	1	0	6.531533219291898
3	4	0	2	7.307829425771445
4	3	0	2	-7.307829425771445
3	4	2	0	-7.307829425771445
4	3	2	0	7.307829425771445
3	4	0	3	6.928074394407021
4	3	0	3	-6.928074394407021
3	4	3	0	-6.928074394407021
4	3	3	0	6.928074394407021
3	4	0	4	8.842997013911829
4	3	0	4	-8.842997013911829
3	4	4	0	-8.842997013911829
4	3	4	0	8.842997013911829
3	4	0	5	7.727546803104754
4	3	0	5	-7.727546803104754
3	4	5	0	-7.727546803104754
4	3	5	0	7.727546803104754
3	4	0	6	2.373111719521208
4	3	0	6	-2.373111719521208
3	4	6	0	-2.373111719521208
4	3	6	0	2.373111719521208
3	4	0	7	3.327283724543784
4	3	0	7	-3.327283724543784
3	4	7	0	-3.327283724543784
4	3	7	0	3.327283724543784
3	4	1	2	0.5390337460846238
4	3	1	2	-0.5390337460846238
3	4	2	1	-0.5390337460846238
4	3	2	1	0.5390337460846238
3	4	1	3	1.7966121855940265
4	3	1	3	-1.7966121855940265
3	4	3	1	-1.7966121855940265
4	3	3	1	1.7966121855940265
3	4	1	4	2.826567333424188
4	3	1	4	-2.826567333424188
3	4	4	1	-2.826567333424188
4	3	4	1	2.826567333424188
3	4	1	5	0.0
4	3	1	5	-0.0
3	4	5	1	-0.0
4	3	5	1	0.0
3	4	1	6	1.2441950330840836
4	3	1	6	-1.2441950330840836
3	4	6	1	-1.2441950330840836
4	3	6	1	1.2441950330840836
3	4	1	7	3.8341883845533533
4	3	1	7	-3.8341883845533533
3	4	7	1	-3.8341883845533533
4	3	7	1	3.8341883845533533
3	4	2	3	10.490397240580158
4	3	2	3	-10.490397240580158
3	4	3	2	-10.490397240580158
4	3	3	2	10.490397240580158
3	4	2	4	0.0
4	3	2	4	-0.0
3	4	4	2	-0.0
4	3	4	2	0.0
3	4	2	5	0.0
4	3	2	5	-0.0
3	4	5	2	-0.0
4	3	5	2	0.0
3	4	2	6	3.595004035220854
4	3	2	6	-3.595004035220854
3	4	6	2	-3.595004035220854
4	3	6	2	3.595004035220854
3	4	2	7	7.969948780804695
4	3	2	7	-7.969948780804695
3	4	7	2	-7.969948780804695
4	3	7	2	7.969948780804695
3	4	3	4	0.0
4	3	3	4	-0.0
3	4	4	3	-0.0
4	3	4	3	0.0
3	4	3	5	0.0
4	3	3	5	-0.0
3	4	5	3	-0.0
4	3	5	3	0.0
3	4	3	6	7.939920821650911
4	3	3	6	-7.939920821650911
3	4	6	3	-7.939920821650911
4	3	6	3	7.939920821650911
3	4	3	7	0.0
4	3	3	7	-0.0
3	4	7	3	-0.0
4	3	7	3	0.0
3	4	4	5	0.0
4	3	4	5	-0.0
3	4	5	4	-0.0
4	3	5	4	0.0
3	4	4	6	0.0
4	3	4	6	-0.0
3	4	6	4	-0.0
4	3	6	4	0.0
3	4	4	7	0.0
4	3	4	7	-0.0
3	4	7	4	-0.0
4	3	7	4	0.0
3	4	5	6	0.0
4	3	5	6	-0.0
3	4	6	5	-0.0
4	3	6	5	0.0
3	4	5	7	0.0
4	3	5	7	-0.0
3	4	7	5	-0.0
4	3	7	5	0.0
3	4	6	7	3.808965997962644
4	3	6	7	-3.808965997962644
3	4	7	6	-3.808965997962644
4	3	7	6	3.808965997962644
3	5	0	1	4.227075373571105
5	3	0	1	-4.227075373571105
3	5	1	0	-4.227075373571105
5	3	1	0	4.227075373571105
3	5	0	2	5.616165675831776
5	3	0	2	-5.616165675831776
3	5	2	0	-5.616165675831776
5	3	2	0	5.616165675831776
3	5	0	3	8.279180608197075
5	3	0	3	-8.279180608197075
3	5	3	0	-8.279180608197075
5	3	3	0	8.279180608197075
3	5	0	4	6.365573647287509
5	3	0	4	-6.365573647287509
3	5	4	0	-6.365573647287509
5	3	4	0	6.365573647287509
3	5	0	5	7.489302539834255
5	3	0	5	-7.489302539834255
3	5	5	0	-7.489302539834255
5	3	5	0	7.489302539834255
3	5	0	6	2.894907758317867
5	3	0	6	-2.894907758317867
3	5	6	0	-2.894907758317867
5	3	6	0	2.894907758317867
3	5	0	7	3.1843546834324346
5	3	0	7	-3.1843546834324346
3	5	7	0	-3.1843546834324346
5	3	7	0	3.1843546834324346
3	5	1	2	0.7834595172788733
5	3	1	2	-0.7834595172788733
3	5	2	1	-0.7834595172788733
5	3	2	1	0.7834595172788733
3	5	1	3	1.8132848148042253
5	3	1	3	-1.8132848148042253
3	5	3	1	-1.8132848148042253
5	3	3	1	1.8132848148042253
3	5	1	4	2.6722846791766743
5	3	1	4	-2.6722846791766743
3	5	4	1	-2.6722846791766743
5	3	4	1	2.6722846791766743
3	5	1	5	0.0
5	3	1	5	-0.0
3	5	5	1	-0.0
5	3	5	1	0.0
3	5	1	6	1.296276519629673
5	3	1	6	-1.296276519629673
3	5	6	1	-1.296276519629673
5	3	6	1	1.296276519629673
3	5	1	7	3.788326605236017
5	3	1	7	-3.788326605236017
3	5	7	1	-3.788326605236017
5	3	7	1	3.788326605236017
3	5	2	3	8.341189889060415
5	3	2	3	-8.341189889060415
3	5	3	2	-8.341189889060415
5	3	3	2	8.341189889060415
3	5	2	4	0.0
5	3	2	4	-0.0
3	5	4	2	-0.0
5	3	4	2	0.0
3	5	2	5	0.0
5	3	2	5	-0.0
3	5	5	2	-0.0
5	3	5	2	0.0
3	5	2	6	3.230847664205282
5	3	2	6	-3.230847664205282
3	5	6	2	-3.230847664205282
5	3	6	2	3.230847664205282
3	5	2	7	6.9640329472308835
5	3	2	7	-6.9640329472308835
3	5	7	2	-6.9640329472308835
5	3	7	2	6.9640329472308835
3	5	3	4	0.0
5	3	3	4	-0.0
3	5	4	3	-0.0
5	3	4	3	0.0
3	5	3	5	0.0
5	3	3	5	-0.0
3	5	5	3	-0.0
5	3	5	3	0.0
3	5	3	6	6.402858080631156
5	3	3	6	-6.402858080631156
3	5	6	3	-6.402858080631156
5	3	6	3	6.402858080631156
3	5	3	7	0.0
5	3	3	7	-0.0
3	5	7	3	-0.0
5	3	7	3	0.0
3	5	4	5	0.0
5	3	4	5	-0.0
3	5	5	4	-0.0
5	3	5	4	0.0
3	5	4	6	0.0
5	3	4	6	-0.0
3	5	6	4	-0.0
5	3	6	4	0.0
3	5	4	7	0.0
5	3	4	7	-0.0
3	5	7	4	-0.0
5	3	7	4	0.0
3	5	5	6	0.0
5	3	5	6	-0.0
3	5	6	5	-0.0
5	3	6	5	0.0
3	5	5	7	0.0
5	3	5	7	-0.0
3	5	7	5	-0.0
5	3	7	5	0.0
3	5	6	7	2.901529994896503
5	3	6	7	-2.901529994896503
3	5	7	6	-2.901529994896503
5	3	7	6	2.901529994896503
3	6	0	1	4.1733320567169585
6	3	0	1	-4.1733320567169585
3	6	1	0	-4.1733320567169585
6	3	1	0	4.1733320567169585
3	6	0	2	5.093693861626652
6	3	0	2	-5.093693861626652
3	6	2	0	-5.093693861626652
6	3	2	0	5.093693861626652
3	6	0	3	4.961549685664456
6	3	0	3	-4.961549685664456
3	6	3	0	-4.961549685664456
6	3	3	0	4.961549685664456
3	6	0	4	5.903422265017301
6	3	0	4	-5.903422265017301
3	6	4	0	-5.903422265017301
6	3	4	0	5.903422265017301
3	6	0	5	5.215755202994078
6	3	0	5	-5.215755202994078
3	6	5	0	-5.215755202994078
6	3	5	0	5.215755202994078
3	6	0	6	1.9160776662606767
6	3	0	6	-1.9160776662606767
3	6	6	0	-1.9160776662606767
6	3	6	0	1.9160776662606767
3	6	0	7	3.5831893127387713
6	3	0	7	-3.5831893127387713
3	6	7	0	-3.5831893127387713
6	3	7	0	3.5831893127387713
3	6	1	2	0.4562277334520467
6	3	1	2	-0.4562277334520467
3	6	2	1	-0.4562277334520467
6	3	2	1	0.4562277334520467
3	6	1	3	1.14245565193871
6	3	1	3	-1.14245565193871
3	6	3	1	-1.14245565193871
6	3	3	1	1.14245565193871
3	6	1	4	1.6870929845809106
6	3	1	4	-1.6870929845809106
3	6	4	1	-1.6870929845809106
6	3	4	1	1.6870929845809106
3	6	1	5	0.0
6	3	1	5	-0.0
3	6	5	1	-0.0
6	3	5	1	0.0
3	6	1	6	1.2981628369972302
6	3	1	6	-1.2981628369972302
3	6	6	1	-1.2981628369972302
6	3	6	1	1.2981628369972302
3	6	1	7	3.9974069470711475
6	3	1	7	-3.9974069470711475
3	6	7	1	-3.9974069470711475
6	3	7	1	3.9974069470711475
3	6	2	3	6.821464604149805
6	3	2	3	-6.821464604149805
3	6	3	2	-6.821464604149805
6	3	3	2	6.821464604149805
3	6	2	4	0.0
6	3	2	4	-0.0
3	6	4	2	-0.0
6	3	4	2	0.0
3	6	2	5	0.0
6	3	2	5	-0.0
3	6	5	2	-0.0
6	3	5	2	0.0
3	6	2	6	1.9989780923353353
6	3	2	6	-1.9989780923353353
3	6	6	2	-1.9989780923353353
6	3	6	2	1.9989780923353353
3	6	2	7	7.4822092975769445
6	3	2	7	-7.4822092975769445
3	6	7	2	-7.4822092975769445
6	3	7	2	7.4822092975769445
3	6	3	4	0.0
6	3	3	4	-0.0
3	6	4	3	-0.0
6	3	4	3	0.0
3	6	3	5	0.0
6	3	3	5	-0.0
3	6	5	3	-0.0
6	3	5	3	0.0
3	6	3	6	6.655539889428892
6	3	3	6	-6.655539889428892
3	6	6	3	-6.655539889428892
6	3	6	3	6.655539889428892
3	6	3	7	0.0
6	3	3	7	-0.0
3	6	7	3	-0.0
6	3	7	3	0.0
3	6	4	5	0.0
6	3	4	5	-0.0
3	6	5	4	-0.0
6	3	5	4	0.0
3	6	4	6	0.0
6	3	4	6	-0.0
3	6	6	4	-0.0
6	3	6	4	0.0
3	6	4	7	0.0
6	3	4	7	-0.0
3	6	7	4	-0.0
6	3	7	4	0.0
3	6	5	6	0.0
6	3	5	6	-0.0
3	6	6	5	-0.0
6	3	6	5	0.0
3	6	5	7	0.0
6	3	5	7	-0.0
3	6	7	5	-0.0
6	3	7	5	0.0
3	6	6	7	4.366777312134136
6	3	6	7	-4.366777312134136
3	6	7	6	-4.366777312134136
6	3	7	6	4.366777312134136
3	7	0	1	4.249069774423039
7	3	0	1	-4.249069774423039
3	7	1	0	-4.249069774423039
7	3	1	0	4.249069774423039
3	7	0	2	5.491999071451609
7	3	0	2	-5.491999071451609
3	7	2	0	-5.491999071451609
7	3	2	0	5.491999071451609
3	7	0	3	4.953187007203165
7	3	0	3	-4.953187007203165
3	7	3	0	-4.953187007203165
7	3	3	0	4.953187007203165
3	7	0	4	5.275372145162589
7	3	0	4	-5.275372145162589
3	7	4	0	-5.275372145162589
7	3	4	0	5.275372145162589
3	7	0	5	6.126975749548905
7	3	0	5	-6.126975749548905
3	7	5	0	-6.126975749548905
7	3	5	0	6.126975749548905
3	7	0	6	2.820932277872579
7	3	0	6	-2.820932277872579
3	7	6	0	-2.820932277872579
7	3	6	0	2.820932277872579
3	7	0	7	4.312870491538728
7	3	0	7	-4.312870491538728
3	7	7	0	-4.312870491538728
7	3	7	0	4.312870491538728
3	7	1	2	0.5457458804268833
7	3	1	2	-0.5457458804268833
3	7	2	1	-0.5457458804268833
7	3	2	1	0.5457458804268833
3	7	1	3	1.10288723412735
7	3	1	3	-1.10288723412735
3	7	3	1	-1.10288723412735
7	3	3	1	1.10288723412735
3	7	1	4	1.822121957564193
7	3	1	4	-1.822121957564193
3	7	4	1	-1.822121957564193
7	3	4	1	1.822121957564193
3	7	1	5	0.0
7	3	1	5	-0.0
3	7	5	1	-0.0
7	3	5	1	0.0
3	7	1	6	1.324579661130957
7	3	1	6	-1.324579661130957
3	7	6	1	-1.324579661130957
7	3	6	1	1.324579661130957
3	7	1	7	3.2660881047973493
7	3	1	7	-3.2660881047973493
3	7	7	1	-3.2660881047973493
7	3	7	1	3.2660881047973493
3	7	2	3	7.262770763208211
7	3	2	3	-7.262770763208211
3	7	3	2	-7.262770763208211
7	3	3	2	7.262770763208211
3	7	2	4	0.0
7	3	2	4	-0.0
3	7	4	2	-0.0
7	3	4	2	0.0
3	7	2	5	0.0
7	3	2	5	-0.0
3	7	5	2	-0.0
7	3	5	2	0.0
3	7	2	6	2.9676561084848205
7	3	2	6	-2.9676561084848205
3	7	6	2	-2.9676561084848205
7	3	6	2	2.9676561084848205
3	7	2	7	7.353847020617722
7	3	2	7	-7.353847020617722
3	7	7	2	-7.353847020617722
7	3	7	2	7.353847020617722
3	7	3	4	0.0
7	3	3	4	-0.0
3	7	4	3	-0.0
7	3	4	3	0.0
3	7	3	5	0.0
7	3	3	5	-0.0
3	7	5	3	-0.0
7	3	5	3	0.0
3	7	3	6	7.548290103953106
7	3	3	6	-7.548290103953106
3	7	6	3	-7.548290103953106
7	3	6	3	7.548290103953106
3	7	3	7	0.0
7	3	3	7	-0.0
3	7	7	3	-0.0
7	3	7	3	0.0
3	7	4	5	0.0
7	3	4	5	-0.0
3	7	5	4	-0.0
7	3	5	4	0.0
3	7	4	6	0.0
7	3	4	6	-0.0
3	7	6	4	-0.0
7	3	6	4	0.0
3	7	4	7	0.0
7	3	4	7	-0.0
3	7	7	4	-0.0
7	3	7	4	0.0
3	7	5	6	0.0
7	3	5	6	-0.0
3	7	6	5	-0.0
7	3	6	5	0.0
3	7	5	7	0.0
7	3	5	7	-0.0
3	7	7	5	-0.0
7	3	7	5	0.0
3	7	6	7	3.892600401824173
7	3	6	7	-3.892600401824173
3	7	7	6	-3.892600401824173
7	3	7	6	3.892600401824173
4	5	0	1	5.404464091280992
5	4	0	1	-5.404464091280992
4	5	1	0	-5.404464091280992
5	4	1	0	5.404464091280992
4	5	0	2	7.076593652683768
5	4	0	2	-7.076593652683768
4	5	2	0	-7.076593652683768
5	4	2	0	7.076593652683768
4	5	0	3	7.894829309982443
5	4	0	3	-7.894829309982443
4	5	3	0	-7.894829309982443
5	4	3	0	7.894829309982443
4	5	0	4	9.827182261392089
5	4	0	4	-9.827182261392089
4	5	4	0	-9.827182261392089
5	4	4	0	9.827182261392089
4	5	0	5	8.134692416441505
5	4	0	5	-8.134692416441505
4	5	5	0	-8.134692416441505
5	4	5	0	8.134692416441505
4	5	0	6	3.020601273422788
5	4	0	6	-3.020601273422788
4	5	6	0	-3.020601273422788
5	4	6	0	3.020601273422788
4	5	0	7	3.298455652662156
5	4	0	7	-3.298455652662156
4	5	7	0	-3.298455652662156
5	4	7	0	3.298455652662156
4	5	1	2	0.8660785511674521
5	4	1	2	-0.8660785511674521
4	5	2	1	-0.8660785511674521
5	4	2	1	0.8660785511674521
4	5	1	3	1.6967891917041227
5	4	1	3	-1.6967891917041227
4	5	3	1	-1.6967891917041227
5	4	3	1	1.6967891917041227
4	5	1	4	2.8464197997258345
5	4	1	4	-2.8464197997258345
4	5	4	1	-2.8464197997258345
5	4	4	1	2.8464197997258345
4	5	1	5	0.0
5	4	1	5	-0.0
4	5	5	1	-0.0
5	4	5	1	0.0
4	5	1	6	1.4627580581149078
5	4	1	6	-1.4627580581149078
4	5	6	1	-1.4627580581149078
5	4	6	1	1.4627580581149078
4	5	1	7	4.045519547493798
5	4	1	7	-4.045519547493798
4	5	7	1	-4.045519547493798
5	4	7	1	4.045519547493798
4	5	2	3	8.738574823601313
5	4	2	3	-8.738574823601313
4	5	3	2	-8.738574823601313
5	4	3	2	8.738574823601313
4	5	2	4	0.0
5	4	2	4	-0.0
4	5	4	2	-0.0
5	4	4	2	0.0
4	5	2	5	0.0
5	4	2	5	-0.0
4	5	5	2	-0.0
5	4	5	2	0.0
4	5	2	6	2.7038711022363127
5	4	2	6	-2.7038711022363127
4	5	6	2	-2.7038711022363127
5	4	6	2	2.7038711022363127
4	5	2	7	8.816538695195586
5	4	2	7	-8.816538695195586
4	5	7	2	-8.816538695195586
5	4	7	2	8.816538695195586
4	5	3	4	0.0
5	4	3	4	-0.0
4	5	4	3	-0.0
5	4	4	3	0.0
4	5	3	5	0.0
5	4	3	5	-0.0
4	5	5	3	-0.0
5	4	5	3	0.0
4	5	3	6	5.86850361495462
5	4	3	6	-5.86850361495462
4	5	6	3	-5.86850361495462
5	4	6	3	5.86850361495462
4	5	3	7	0.0
5	4	3	7	-0.0
4	5	7	3	-0.0
5	4	7	3	0.0
4	5	4	5	0.0
5	4	4	5	-0.0
4	5	5	4	-0.0
5	4	5	4	0.0
4	5	4	6	0.0
5	4	4	6	-0.0
4	5	6	4	-0.0
5	4	6	4	0.0
4	5	4	7	0.0
5	4	4	7	-0.0
4	5	7	4	-0.0
5	4	7	4	0.0
4	5	5	6	0.0
5	4	5	6	-0.0
4	5	6	5	-0.0
5	4	6	5	0.0
4	5	5	7	0.0
5	4	5	7	-0.0
4	5	7	5	-0.0
5	4	7	5	0.0
4	5	6	7	3.9331061521893744
5	4	6	7	-3.9331061521893744
4	5	7	6	-3.9331061521893744
5	4	7	6	3.9331061521893744
4	6	0	1	4.078298823774046
6	4	0	1	-4.078298823774046
4	6	1	0	-4.078298823774046
6	4	1	0	4.078298823774046
4	6	0	2	4.66837180109572
6	4	0	2	-4.66837180109572
4	6	2	0	-4.66837180109572
6	4	2	0	4.66837180109572
4	6	0	3	4.5491318017257605
6	4	0	3	-4.5491318017257605
4	6	3	0	-4.5491318017257605
6	4	3	0	4.5491318017257605
4	6	0	4	5.688695749504391
6	4	0	4	-5.688695749504391
4	6	4	0	-5.688695749504391
6	4	4	0	5.688695749504391
4	6	0	5	6.788952509195341
6	4	0	5	-6.788952509195341
4	6	5	0	-6.788952509195341
6	4	5	0	6.788952509195341
4	6	0	6	2.495882256783549
6	4	0	6	-2.495882256783549
4	6	6	0	-2.495882256783549
6	4	6	0	2.495882256783549
4	6	0	7	3.7006051107764204
6	4	0	7	-3.7006051107764204
4	6	7	0	-3.7006051107764204
6	4	7	0	3.7006051107764204
4	6	1	2	0.5188383825513336
6	4	1	2	-0.5188383825513336
4	6	2	1	-0.5188383825513336
6	4	2	1	0.5188383825513336
4	6	1	3	1.0464975768974876
6	4	1	3	-1.0464975768974876
4	6	3	1	-1.0464975768974876
6	4	3	1	1.0464975768974876
4	6	1	4	1.8572245710819821
6	4	1	4	-1.8572245710819821
4	6	4	1	-1.8572245710819821
6	4	4	1	1.8572245710819821
4	6	1	5	0.0
6	4	1	5	-0.0
4	6	5	1	-0.0
6	4	5	1	0.0
4	6	1	6	1.2909443158638472
6	4	1	6	-1.2909443158638472
4	6	6	1	-1.2909443158638472
6	4	6	1	1.2909443158638472
4	6	1	7	3.840504977536839
6	4	1	7	-3.840504977536839
4	6	7	1	-3.840504977536839
6	4	7	1	3.840504977536839
4	6	2	3	7.040615669670385
6	4	2	3	-7.040615669670385
4	6	3	2	-7.040615669670385
6	4	3	2	7.040615669670385
4	6	2	4	0.0
6	4	2	4	-0.0
4	6	4	2	-0.0
6	4	4	2	0.0
4	6	2	5	0.0
6	4	2	5	-0.0
4	6	5	2	-0.0
6	4	5	2	0.0
4	6	2	6	3.115392496483375
6	4	2	6	-3.115392496483375
4	6	6	2	-3.115392496483375
6	4	6	2	3.115392496483375
4	6	2	7	7.794961597921396
6	4	2	7	-7.794961597921396
4	6	7	2	-7.794961597921396
6	4	7	2	7.794961597921396
4	6	3	4	0.0
6	4	3	4	-0.0
4	6	4	3	-0.0
6	4	4	3	0.0
4	6	3	5	0.0
6	4	3	5	-0.0
4	6	5	3	-0.0
6	4	5	3	0.0
4	6	3	6	6.8329589803648165
6	4	3	6	-6.8329589803648165
4	6	6	3	-6.8329589803648165
6	4	6	3	6.8329589803648165
4	6	3	7	0.0
6	4	3	7	-0.0
4	6	7	3	-0.0
6	4	7	3	0.0
4	6	4	5	0.0
6	4	4	5	-0.0
4	6	5	4	-0.0
6	4	5	4	0.0
4	6	4	6	0.0
6	4	4	6	-0.0
4	6	6	4	-0.0
6	4	6	4	0.0
4	6	4	7	0.0
6	4	4	7	-0.0
4	6	7	4	-0.0
6	4	7	4	0.0
4	6	5	6	0.0
6	4	5	6	-0.0
4	6	6	5	-0.0
6	4	6	5	0.0
4	6	5	7	0.0
6	4	5	7	-0.0
4	6	7	5	-0.0
6	4	7	5	0.0
4	6	6	7	3.9253325776502033
6	4	6	7	-3.9253325776502033
4	6	7	6	-3.9253325776502033
6	4	7	6	3.9253325776502033
4	7	0	1	2.8936957563971686
7	4	0	1	-2.8936957563971686
4	7	1	0	-2.8936957563971686
7	4	1	0	2.8936957563971686
4	7	0	2	4.566367281191013
7	4	0	2	-4.566367281191013
4	7	2	0	-4.566367281191013
7	4	2	0	4.566367281191013
4	7	0	3	5.015383387181542
7	4	0	3	-5.015383387181542
4	7	3	0	-5.015383387181542
7	4	3	0	5.015383387181542
4	7	0	4	4.5466003810571785
7	4	0	4	-4.5466003810571785
4	7	4	0	-4.5466003810571785
7	4	4	0	4.5466003810571785
4	7	0	5	5.954251668310048
7	4	0	5	-5.954251668310048
4	7	5	0	-5.954251668310048
7	4	5	0	5.954251668310048
4	7	0	6	2.85343006399646
7	4	0	6	-2.85343006399646
4	7	6	0	-2.85343006399646
7	4	6	0	2.85343006399646
4	7	0	7	3.25253102195151
7	4	0	7	-3.25253102195151
4	7	7	0	-3.25253102195151
7	4	7	0	3.25253102195151
4	7	1	2	0.5455902832663525
7	4	1	2	-0.5455902832663525
4	7	2	1	-0.5455902832663525
7	4	2	1	0.5455902832663525
4	7	1	3	1.0764475714617041
7	4	1	3	-1.0764475714617041
4	7	3	1	-1.0764475714617041
7	4	3	1	1.0764475714617041
4	7	1	4	2.145906419011402
7	4	1	4	-2.145906419011402
4	7	4	1	-2.145906419011402
7	4	4	1	2.145906419011402
4	7	1	5	0.0
7	4	1	5	-0.0
4	7	5	1	-0.0
7	4	5	1	0.0
4	7	1	6	1.4962109946341042
7	4	1	6	-1.4962109946341042
4	7	6	1	-1.4962109946341042
7	4	6	1	1.4962109946341042
4	7	1	7	4.118605413179163
7	4	1	7	-4.118605413179163
4	7	7	1	-4.118605413179163
7	4	7	1	4.118605413179163
4	7	2	3	5.487050930418143
7	4	2	3	-5.487050930418143
4	7	3	2	-5.487050930418143
7	4	3	2	5.487050930418143
4	7	2	4	0.0
7	4	2	4	-0.0
4	7	4	2	-0.0
7	4	4	2	0.0
4	7	2	5	0.0
7	4	2	5	-0.0
4	7	5	2	-0.0
7	4	5	2	0.0
4	7	2	6	2.9675918723822496
7	4	2	6	-2.9675918723822496
4	7	6	2	-2.9675918723822496
7	4	6	2	2.9675918723822496
4	7	2	7	6.742869711699475
7	4	2	7	-6.742869711699475
4	7	7	2	-6.742869711699475
7	4	7	2	6.742869711699475
4	7	3	4	0.0
7	4	3	4	-0.0
4	7	4	3	-0.0
7	4	4	3	0.0
4	7	3	5	0.0
7	4	3	5	-0.0
4	7	5	3	-0.0
7	4	5	3	0.0
4	7	3	6	7.31356200251208
7	4	3	6	-7.31356200251208
4	7	6	3	-7.31356200251208
7	4	6	3	7.31356200251208
4	7	3	7	0.0
7	4	3	7	-0.0
4	7	7	3	-0.0
7	4	7	3	0.0
4	7	4	5	0.0
7	4	4	5	-0.0
4	7	5	4	-0.0
7	4	5	4	0.0
4	7	4	6	0.0
7	4	4	6	-0.0
4	7	6	4	-0.0
7	4	6	4	0.0
4	7	4	7	0.0
7	4	4	7	-0.0
4	7	7	4	-0.0
7	4	7	4	0.0
4	7	5	6	0.0
7	4	5	6	-0.0
4	7	6	5	-0.0
7	4	6	5	0.0
4	7	5	7	0.0
7	4	5	7	-0.0
4	7	7	5	-0.0
7	4	7	5	0.0
4	7	6	7	3.7676741702671
7	4	6	7	-3.7676741702671
4	7	7	6	-3.7676741702671
7	4	7	6	3.7676741702671
5	6	0	1	3.9481156886564355
6	5	0	1	-3.9481156886564355
5	6	1	0	-3.9481156886564355
6	5	1	0	3.9481156886564355
5	6	0	2	5.157236836524029
6	5	0	2	-5.157236836524029
5	6	2	0	-5.157236836524029
6	5	2	0	5.157236836524029
5	6	0	3	6.040980171496341
6	5	0	3	-6.040980171496341
5	6	3	0	-6.040980171496341
6	5	3	0	6.040980171496341
5	6	0	4	6.080821579851081
6	5	0	4	-6.080821579851081
5	6	4	0	-6.080821579851081
6	5	4	0	6.080821579851081
5	6	0	5	6.395609926566721
6	5	0	5	-6.395609926566721
5	6	5	0	-6.395609926566721
6	5	5	0	6.395609926566721
5	6	0	6	2.613712036781743
6	5	0	6	-2.613712036781743
5	6	6	0	-2.613712036781743
6	5	6	0	2.613712036781743
5	6	0	7	3.9815223797375903
6	5	0	7	-3.9815223797375903
5	6	7	0	-3.9815223797375903
6	5	7	0	3.9815223797375903
5	6	1	2	0.6751143006754975
6	5	1	2	-0.6751143006754975
5	6	2	1	-0.6751143006754975
6	5	2	1	0.6751143006754975
5	6	1	3	1.264029780963998
6	5	1	3	-1.264029780963998
5	6	3	1	-1.264029780963998
6	5	3	1	1.264029780963998
5	6	1	4	1.718895429964601
6	5	1	4	-1.718895429964601
5	6	4	1	-1.718895429964601
6	5	4	1	1.718895429964601
5	6	1	5	0.0
6	5	1	5	-0.0
5	6	5	1	-0.0
6	5	5	1	0.0
5	6	1	6	1.3431771423858516
6	5	1	6	-1.3431771423858516
5	6	6	1	-1.3431771423858516
6	5	6	1	1.3431771423858516
5	6	1	7	5.001021957658361
6	5	1	7	-5.001021957658361
5	6	7	1	-5.001021957658361
6	5	7	1	5.001021957658361
5	6	2	3	7.952044762237664
6	5	2	3	-7.952044762237664
5	6	3	2	-7.952044762237664
6	5	3	2	7.952044762237664
5	6	2	4	0.0
6	5	2	4	-0.0
5	6	4	2	-0.0
6	5	4	2	0.0
5	6	2	5	0.0
6	5	2	5	-0.0
5	6	5	2	-0.0
6	5	5	2	0.0
5	6	2	6	3.0899567505166856
6	5	2	6	-3.0899567505166856
5	6	6	2	-3.0899567505166856
6	5	6	2	3.0899567505166856
5	6	2	7	6.225482508605401
6	5	2	7	-6.225482508605401
5	6	7	2	-6.225482508605401
6	5	7	2	6.225482508605401
5	6	3	4	0.0
6	5	3	4	-0.0
5	6	4	3	-0.0
6	5	4	3	0.0
5	6	3	5	0.0
6	5	3	5	-0.0
5	6	5	3	-0.0
6	5	5	3	0.0
5	6	3	6	8.2021905634319
6	5	3	6	-8.2021905634319
5	6	6	3	-8.2021905634319
6	5	6	3	8.2021905634319
5	6	3	7	0.0
6	5	3	7	-0.0
5	6	7	3	-0.0
6	5	7	3	0.0
5	6	4	5	0.0
6	5	4	5	-0.0
5	6	5	4	-0.0
6	5	5	4	0.0
5	6	4	6	0.0
6	5	4	6	-0.0
5	6	6	4	-0.0
6	5	6	4	0.0
5	6	4	7	0.0
6	5	4	7	-0.0
5	6	7	4	-0.0
6	5	7	4	0.0
5	6	5	6	0.0
6	5	5	6	-0.0
5	6	6	5	-0.0
6	5	6	5	0.0
5	6	5	7	0.0
6	5	5	7	-0.0
5	6	7	5	-0.0
6	5	7	5	0.0
5	6	6	7	4.449216318868653
6	5	6	7	-4.449216318868653
5	6	7	6	-4.449216318868653
6	5	7	6	4.449216318868653
5	7	0	1	3.8727317045004677
7	5	0	1	-3.8727317045004677
5	7	1	0	-3.8727317045004677
7	5	1	0	3.8727317045004677
5	7	0	2	4.2167470050223566
7	5	0	2	-4.2167470050223566
5	7	2	0	-4.2167470050223566
7	5	2	0	4.2167470050223566
5	7	0	3	4.02516105872124
7	5	0	3	-4.02516105872124
5	7	3	0	-4.02516105872124
7	5	3	0	4.02516105872124
5	7	0	4	6.008255514996771
7	5	0	4	-6.008255514996771
5	7	4	0	-6.008255514996771
7	5	4	0	6.008255514996771
5	7	0	5	5.252956056514994
7	5	0	5	-5.252956056514994
5	7	5	0	-5.252956056514994
7	5	5	0	5.252956056514994
5	7	0	6	2.60504075072169
7	5	0	6	-2.60504075072169
5	7	6	0	-2.60504075072169
7	5	6	0	2.60504075072169
5	7	0	7	3.890553619267139
7	5	0	7	-3.890553619267139
5	7	7	0	-3.890553619267139
7	5	7	0	3.890553619267139
5	7	1	2	0.6168204879682406
7	5	1	2	-0.6168204879682406
5	7	2	1	-0.6168204879682406
7	5	2	1	0.6168204879682406
5	7	1	3	1.1640417207837732
7	5	1	3	-1.1640417207837732
5	7	3	1	-1.1640417207837732
7	5	3	1	1.1640417207837732
5	7	1	4	2.4097674142672116
7	5	1	4	-2.4097674142672116
5	7	4	1	-2.4097674142672116
7	5	4	1	2.4097674142672116
5	7	1	5	0.0
7	5	1	5	-0.0
5	7	5	1	-0.0
7	5	5	1	0.0
5	7	1	6	1.4072071936396708
7	5	1	6	-1.4072071936396708
5	7	6	1	-1.4072071936396708
7	5	6	1	1.4072071936396708
5	7	1	7	3.3718266825048264
7	5	1	7	-3.3718266825048264
5	7	7	1	-3.3718266825048264
7	5	7	1	3.3718266825048264
5	7	2	3	6.4623650892111435
7	5	2	3	-6.4623650892111435
5	7	3	2	-6.4623650892111435
7	5	3	2	6.4623650892111435
5	7	2	4	0.0
7	5	2	4	-0.0
5	7	4	2	-0.0
7	5	4	2	0.0
5	7	2	5	0.0
7	5	2	5	-0.0
5	7	5	2	-0.0
7	5	5	2	0.0
5	7	2	6	2.9295892101954597
7	5	2	6	-2.9295892101954597
5	7	6	2	-2.9295892101954597
7	5	6	2	2.9295892101954597
5	7	2	7	7.373791138971395
7	5	2	7	-7.373791138971395
5	7	7	2	-7.373791138971395
7	5	7	2	7.373791138971395
5	7	3	4	0.0
7	5	3	4	-0.0
5	7	4	3	-0.0
7	5	4	3	0.0
5	7	3	5	0.0
7	5	3	5	-0.0
5	7	5	3	-0.0
7	5	5	3	0.0
5	7	3	6	9.126653267315607
7	5	3	6	-9.126653267315607
5	7	6	3	-9.126653267315607
7	5	6	3	9.126653267315607
5	7	3	7	0.0
7	5	3	7	-0.0
5	7	7	3	-0.0
7	5	7	3	0.0
5	7	4	5	0.0
7	5	4	5	-0.0
5	7	5	4	-0.0
7	5	5	4	0.0
5	7	4	6	0.0
7	5	4	6	-0.0
5	7	6	4	-0.0
7	5	6	4	0.0
5	7	4	7	0.0
7	5	4	7	-0.0
5	7	7	4	-0.0
7	5	7	4	0.0
5	7	5	6	0.0
7	5	5	6	-0.0
5	7	6	5	-0.0
7	5	6	5	0.0
5	7	5	7	0.0
7	5	5	7	-0.0
5	7	7	5	-0.0
7	5	7	5	0.0
5	7	6	7	3.657910477639898
7	5	6	7	-3.657910477639898
5	7	7	6	-3.657910477639898
7	5	7	6	3.657910477639898
6	7	0	1	3.4448535802344717
7	6	0	1	-3.4448535802344717
6	7	1	0	-3.4448535802344717
7	6	1	0	3.4448535802344717
6	7	0	2	4.429923992836723
7	6	0	2	-4.429923992836723
6	7	2	0	-4.429923992836723
7	6	2	0	4.429923992836723
6	7	0	3	5.191446472159678
7	6	0	3	-5.191446472159678
6	7	3	0	-5.191446472159678
7	6	3	0	5.191446472159678
6	7	0	4	5.555165451358769
7	6	0	4	-5.555165451358769
6	7	4	0	-5.555165451358769
7	6	4	0	5.555165451358769
6	7	0	5	5.911857854926592
7	6	0	5	-5.911857854926592
6	7	5	0	-5.911857854926592
7	6	5	0	5.911857854926592
6	7	0	6	2.7065799571560603
7	6	0	6	-2.7065799571560603
6	7	6	0	-2.7065799571560603
7	6	6	0	2.7065799571560603
6	7	0	7	4.018772477575724
7	6	0	7	-4.018772477575724
6	7	7	0	-4.018772477575724
7	6	7	0	4.018772477575724
6	7	1	2	0.5551158503269464
7	6	1	2	-0.5551158503269464
6	7	2	1	-0.5551158503269464
7	6	2	1	0.5551158503269464
6	7	1	3	1.0468667966875518
7	6	1	3	-1.0468667966875518
6	7	3	1	-1.0468667966875518
7	6	3	1	1.0468667966875518
6	7	1	4	1.7787320406937488
7	6	1	4	-1.7787320406937488
6	7	4	1	-1.7787320406937488
7	6	4	1	1.7787320406937488
6	7	1	5	0.0
7	6	1	5	-0.0
6	7	5	1	-0.0
7	6	5	1	0.0
6	7	1	6	1.5129182146047244
7	6	1	6	-1.5129182146047244
6	7	6	1	-1.5129182146047244
7	6	6	1	1.5129182146047244
6	7	1	7	3.6511588231498773
7	6	1	7	-3.6511588231498773
6	7	7	1	-3.6511588231498773
7	6	7	1	3.6511588231498773
6	7	2	3	6.812769385470078
7	6	2	3	-6.812769385470078
6	7	3	2	-6.812769385470078
7	6	3	2	6.812769385470078
6	7	2	4	0.0
7	6	2	4	-0.0
6	7	4	2	-0.0
7	6	4	2	0.0
6	7	2	5	0.0
7	6	2	5	-0.0
6	7	5	2	-0.0
7	6	5	2	0.0
6	7	2	6	2.6828105278016414
7	6	2	6	-2.6828105278016414
6	7	6	2	-2.6828105278016414
7	6	6	2	2.6828105278016414
6	7	2	7	7.4352724236903365
7	6	2	7	-7.4352724236903365
6	7	7	2	-7.4352724236903365
7	6	7	2	7.4352724236903365
6	7	3	4	0.0
7	6	3	4	-0.0
6	7	4	3	-0.0
7	6	4	3	0.0
6	7	3	5	0.0
7	6	3	5	-0.0
6	7	5	3	-0.0
7	6	5	3	0.0
6	7	3	6	7.038425141560491
7	6	3	6	-7.038425141560491
6	7	6	3	-7.038425141560491
7	6	6	3	7.038425141560491
6	7	3	7	0.0
7	6	3	7	-0.0
6	7	7	3	-0.0
7	6	7	3	0.0
6	7	4	5	0.0
7	6	4	5	-0.0
6	7	5	4	-0.0
7	6	5	4	0.0
6	7	4	6	0.0
7	6	4	6	-0.0
6	7	6	4	-0.0
7	6	6	4	0.0
6	7	4	7	0.0
7	6	4	7	-0.0
6	7	7	4	-0.0
7	6	7	4	0.0
6	7	5	6	0.0
7	6	5	6	-0.0
6	7	6	5	-0.0
7	6	6	5	0.0
6	7	5	7	0.0
7	6	5	7	-0.0
6	7	7	5	-0.0
7	6	7	5	0.0
6	7	6	7	5.726908696820223
7	6	6	7	-5.726908696820223
6	7	7	6	-5.726908696820223
7	6	7	6	5.726908696820223
